# # Period = :0.951
1	0
2.368043670212088329e-05	1.850158104073658938e-01
-4.284440559434327805e-02	6.962084422216317792e-02
-3.565654589572645611e-02	1.599014211146511724e-02
-4.503190713354556646e-03	2.353591447336982750e-02
-3.404480400595073092e-02	1.201254504110487072e-02
-1.243956543705244423e-02	-1.032467595504593487e-02
-3.986112608404247977e-03	-3.364876356243953325e-03
-7.291183418793558335e-04	-5.824697681549263414e-03
4.999128556104009448e-03	1.608645209801183498e-04
-7.851212316269005822e-05	3.558293062467562506e-03
-5.559580444820886452e-04	1.073021965334967735e-03
-1.017675500494599761e-03	1.716443982391663899e-03
-1.498160484222114345e-03	-9.799040929077472255e-05
-1.423453713743487740e-04	-2.832689894517972820e-04
-3.240686221677311816e-04	-4.373475256886561515e-05
1.998760019510107051e-04	-3.296461582074832006e-04
2.402900462666914243e-04	2.862325698582545851e-04
-4.959152500071651822e-05	1.162596696694981579e-04
4.213694988273387529e-05	2.036279602648704483e-04
