# T (s),P (Pa)
0.000000000000000000e+00,9.892883357701088244e+03
9.606060606060605814e-03,1.027772296571824882e+04
1.921212121212121163e-02,1.073349296794637485e+04
2.881818181818181918e-02,1.123445019216764558e+04
3.842424242424242325e-02,1.176244698049810540e+04
4.803030303030302733e-02,1.230169995045728865e+04
5.763636363636363835e-02,1.283568425774090792e+04
6.724242424242424243e-02,1.334814016611765146e+04
7.684848484848484651e-02,1.382091165585325871e+04
8.645454545454545059e-02,1.422615333607224056e+04
9.606060606060605467e-02,1.452235071921882445e+04
1.056666666666666587e-01,1.466542000000000007e+04
1.152727272727272767e-01,1.463332932761809752e+04
1.248787878787878808e-01,1.444861513510234363e+04
1.344848484848484849e-01,1.418064996886876725e+04
1.440909090909090751e-01,1.391999179439479121e+04
1.536969696969696930e-01,1.373709996660238539e+04
1.633030303030303110e-01,1.365544774815356686e+04
1.729090909090909012e-01,1.365943677344445859e+04
1.825151515151515191e-01,1.372134476833902227e+04
1.921212121212121093e-01,1.381683869532294193e+04
2.017272727272727273e-01,1.392289125662446531e+04
2.113333333333333175e-01,1.401451564620908721e+04
2.209393939393939355e-01,1.407078831105909921e+04
2.305454545454545534e-01,1.408312687231471136e+04
2.401515151515151436e-01,1.405497617446824370e+04
2.497575757575757616e-01,1.399315874009795152e+04
2.593636363636363518e-01,1.390059705049209151e+04
2.689696969696969697e-01,1.377673285108814525e+04
2.785757575757575877e-01,1.362170403805218302e+04
2.881818181818181501e-01,1.343714816745296775e+04
2.977878787878787681e-01,1.322336580233384484e+04
3.073939393939393860e-01,1.297863288507071047e+04
3.170000000000000040e-01,1.270323078361533408e+04
3.266060606060606220e-01,1.240376773107579356e+04
3.362121212121211844e-01,1.209336816992484455e+04
3.458181818181818024e-01,1.179026106924347005e+04
3.554242424242424203e-01,1.151987174183493698e+04
3.650303030303030383e-01,1.131703647652037398e+04
3.746363636363636007e-01,1.121615090682926348e+04
3.842424242424242187e-01,1.122717148222864671e+04
3.938484848484848366e-01,1.132031772811768133e+04
4.034545454545454546e-01,1.144158958769113451e+04
4.130606060606060725e-01,1.154547855837373027e+04
4.226666666666666350e-01,1.161398979892995521e+04
4.322727272727272529e-01,1.165076515248061696e+04
4.418787878787878709e-01,1.166308934080197287e+04
4.514848484848484889e-01,1.165121443218352942e+04
4.610909090909091068e-01,1.161209253587867170e+04
4.706969696969696693e-01,1.154764746611766714e+04
4.803030303030302872e-01,1.146535896833909646e+04
4.899090909090909052e-01,1.137138248970599125e+04
4.995151515151515231e-01,1.126631739493061468e+04
5.091212121212120856e-01,1.114917125392662820e+04
5.187272727272727035e-01,1.102352092092599560e+04
5.283333333333333215e-01,1.089738837498833163e+04
5.379393939393939394e-01,1.077741047422414522e+04
5.475454545454545574e-01,1.066542355713194411e+04
5.571515151515151754e-01,1.056145335547441573e+04
5.667575757575757933e-01,1.046770842889986852e+04
5.763636363636363003e-01,1.038732366260743947e+04
5.859696969696969182e-01,1.032006636248454743e+04
5.955757575757575362e-01,1.026201948965909105e+04
6.051818181818181541e-01,1.021018422146660305e+04
6.147878787878787721e-01,1.016538568263315028e+04
6.243939393939393900e-01,1.012931820294932913e+04
6.340000000000000080e-01,1.010020183315469330e+04
6.436060606060606260e-01,1.007348644603940011e+04
6.532121212121212439e-01,1.004648241068504831e+04
6.628181818181817508e-01,1.002011702457985848e+04
6.724242424242423688e-01,9.995501324688597379e+03
6.820303030303029868e-01,9.970698181172916520e+03
6.916363636363636047e-01,9.942642207069413416e+03
7.012424242424242227e-01,9.911327040368134476e+03
7.108484848484848406e-01,9.879893967996564243e+03
7.204545454545454586e-01,9.850266886073955902e+03
7.300606060606060765e-01,9.820638781690677206e+03
7.396666666666666945e-01,9.788525377470026797e+03
7.492727272727272014e-01,9.754884983178000766e+03
7.588787878787878194e-01,9.723183099211932131e+03
7.684848484848484373e-01,9.694721972386252673e+03
7.780909090909090553e-01,9.667167822019142477e+03
7.876969696969696733e-01,9.638509435815032703e+03
7.973030303030302912e-01,9.610457263072783462e+03
8.069090909090909092e-01,9.585977161515598709e+03
8.165151515151515271e-01,9.564449806147971685e+03
8.261212121212121451e-01,9.541833281907436685e+03
8.357272727272726520e-01,9.515930292714001553e+03
8.453333333333332700e-01,9.489078142752432541e+03
8.549393939393938879e-01,9.464183866405895969e+03
8.645454545454545059e-01,9.439990228390288394e+03
8.741515151515151238e-01,9.412961929055667497e+03
8.837575757575757418e-01,9.383316525578147775e+03
8.933636363636363598e-01,9.356329468756426650e+03
9.029696969696969777e-01,9.337672587827393727e+03
9.125757575757575957e-01,9.332540000000000873e+03
9.221818181818182136e-01,9.354624205346646704e+03
9.317878787878787206e-01,9.434114621079874269e+03
9.413939393939393385e-01,9.607549352604151863e+03
9.509999999999999565e-01,9.892883357701084606e+03
