# Period 0.951
6.303025687874186e-06	0
3.789672819282489e-10	-2.481434833309173e-06 
-5.745927710285882e-07	-9.337668306463648e-07 
-4.782175424657647e-07	-2.144834478913559e-07 
-6.035836995125484e-08	-3.156230443921097e-07 
-4.5657502284052755e-07	-1.6115256941141117e-07 
-1.668457016042498e-07	+1.3848575618756415e-07 
-5.343911451464906e-08	+4.514326373415917e-08 
-9.77645947293333e-09	+7.813160280039189e-08 
6.706527940682293e-08	-2.12598986735628e-09 
-1.0290545781340704e-09	-4.7714574067934005e-08 
-7.4479169320076255e-09	-1.4377340487147788e-08 
-1.3632954078996406e-08	-2.3008325418180637e-08 
-2.0087181859264948e-08	+1.3232515234424495e-09 
-1.902542176607297e-09	+3.815264813010157e-09 
-4.338776248547889e-09	+5.979127710027224e-10 
2.6842827934844727e-09	+4.435272654867517e-09 
3.2301682472289202e-09	-3.825718131813779e-09 
-6.609607598308558e-10	-1.5486711258993502e-09 
5.701346724100872e-10	-2.719257586245436e-09
