# Period 0.951
6.303025687874186E-06	0
3.7896728E-10	2.48143483330917E-06
-5.7459277E-07	9.33766830646365E-07
-4.7821754E-07	2.14483447891356E-07
-6.0358370E-08	3.1562304439211E-07
-4.5657502E-07	1.61152569411411E-07
-1.6684570E-07	-1.38485756187564E-07
-5.3439115E-08	-4.51432637341592E-08
-9.7764595E-09	-7.81316028003919E-08
6.7065279E-08	2.12598986735628E-09
-1.0290546E-09	4.7714574067934E-08
-7.4479169E-09	1.43773404871478E-08
-1.3632954E-08	2.30083254181806E-08
-2.0087182E-08	-1.32325152344245E-09
-1.9025422E-09	-3.81526481301016E-09
-4.3387762E-09	-5.97912771002722E-10
2.6842828E-09	-4.43527265486752E-09
3.2301682E-09	3.82571813181378E-09
-6.6096076E-10	1.54867112589935E-09
5.7013467E-10	2.71925758624544E-09
