# period_ms = 951
1	0
-0.017271259495324	0.172922903632824
-0.065465997566925	0.05793272085754
-0.052245968685392	0.001561332433773
-0.008899226120463	0.004203779103671
-0.033374581338526	0.004004059599585
-0.012453449117265	-0.019366602320411
0.00060443154206	-0.008686270480373
0.002231833532402	-0.006515502837974
0.006227763785107	-0.00029575860978
0.000808229721141	0.003993404194512
-0.001061915215963	0.001345800952186
-0.001290041429018	0.001296275454387
-0.001670372093762	-0.000321177876003
-0.000330134870314	-0.000699936810715
-0.000200416025852	-0.000355412343019
0.000260392017087	-0.000451167861676
0.000334131313957	0.00018937702264
-9.74139249778205E-06	0.000152359580021
7.08896471988699E-07	0.000200828516086
-0.000265763724508	0.000106258017867
