# period_ms = 951
6.303084943715184e-06 0 
5.950666650401849e-11	1.7632827311443302e-11
6.014436420924274e-11	3.8043317755349974e-11
6.126730888477553e-11	6.601846591655553e-11
6.294397317585837e-11	1.1440132512569909e-10
6.534734575987679e-11	2.457719993967932e-10
-3.933647542140011e-10	-2.4814235122025195e-06
7.328851402204362e-11	-2.3301756458523127e-10
8.027031324312083e-11	-9.651545698202689e-11
9.150513047598416e-11	-3.646835449767082e-11
1.128123839261533e-10	1.8440644403173466e-11
1.7324036199474534e-10	1.2760404143927535e-10
-5.75153018864702e-07	-9.33439480252996e-07
-4.760670649002595e-11	-2.2351822073757405e-10
1.7820293860775378e-11	-1.202941702010989e-10 
4.9985199704803184e-11	-7.784614916361126e-11 
8.46946819720373e-11	-4.607150026870832e-11
1.6386274755240507e-10	9.199735251409747e-13
-4.784007712786717e-07	-2.140598426586736e-07
-1.121167657665574e-10	-1.0417559271658358e-10