0.00000E+00 4.28763E-01
9.16917E-04 4.32824E-01
1.83383E-03 4.37204E-01
2.75075E-03 4.41908E-01
3.66767E-03 4.46938E-01
4.58458E-03 4.52298E-01
5.50150E-03 4.57990E-01
6.41841E-03 4.64016E-01
7.33534E-03 4.70381E-01
8.25225E-03 4.77084E-01
9.16917E-03 4.84129E-01
1.00861E-02 4.91517E-01
1.10030E-02 4.99251E-01
1.19199E-02 5.07331E-01
1.28368E-02 5.15758E-01
1.37538E-02 5.24535E-01
1.46706E-02 5.33661E-01
1.55876E-02 5.43138E-01
1.65045E-02 5.52966E-01
1.74214E-02 5.63145E-01
1.83383E-02 5.73676E-01
1.92553E-02 5.84558E-01
2.01721E-02 5.95791E-01
2.10891E-02 6.07374E-01
2.20060E-02 6.19307E-01
2.29229E-02 6.31587E-01
2.38399E-02 6.44214E-01
2.47568E-02 6.57185E-01
2.56737E-02 6.70499E-01
2.65906E-02 6.84153E-01
2.75075E-02 6.98144E-01
2.84244E-02 7.12469E-01
2.93414E-02 7.27126E-01
3.02582E-02 7.42110E-01
3.11752E-02 7.57419E-01
3.20921E-02 7.73047E-01
3.30090E-02 7.88990E-01
3.39259E-02 8.05246E-01
3.48429E-02 8.21807E-01
3.57597E-02 8.38671E-01
3.66767E-02 8.55832E-01
3.75936E-02 8.73286E-01
3.85105E-02 8.91027E-01
3.94274E-02 9.09050E-01
4.03444E-02 9.27351E-01
4.12612E-02 9.45924E-01
4.21782E-02 9.64765E-01
4.30951E-02 9.83867E-01
4.40120E-02 1.00323E+00
4.49289E-02 1.02284E+00
4.58458E-02 1.04270E+00
4.67627E-02 1.06280E+00
4.76797E-02 1.08314E+00
4.85966E-02 1.10371E+00
4.95135E-02 1.12451E+00
5.04305E-02 1.14554E+00
5.13473E-02 1.16677E+00
5.22643E-02 1.18823E+00
5.31812E-02 1.20988E+00
5.40981E-02 1.23174E+00
5.50150E-02 1.25379E+00
5.59320E-02 1.27602E+00
5.68488E-02 1.29844E+00
5.77658E-02 1.32103E+00
5.86827E-02 1.34377E+00
5.95996E-02 1.36667E+00
6.05165E-02 1.38972E+00
6.14335E-02 1.41289E+00
6.23503E-02 1.43618E+00
6.32673E-02 1.45958E+00
6.41841E-02 1.48307E+00
6.51011E-02 1.50663E+00
6.60180E-02 1.53024E+00
6.69349E-02 1.55390E+00
6.78518E-02 1.57756E+00
6.87688E-02 1.60123E+00
6.96856E-02 1.62487E+00
7.06026E-02 1.64845E+00
7.15196E-02 1.67195E+00
7.24364E-02 1.69535E+00
7.33534E-02 1.71861E+00
7.42703E-02 1.74170E+00
7.51872E-02 1.76459E+00
7.61041E-02 1.78725E+00
7.70211E-02 1.80965E+00
7.79379E-02 1.83174E+00
7.88549E-02 1.85349E+00
7.97718E-02 1.87487E+00
8.06887E-02 1.89583E+00
8.16056E-02 1.91635E+00
8.25225E-02 1.93637E+00
8.34394E-02 1.95587E+00
8.43564E-02 1.97481E+00
8.52732E-02 1.99314E+00
8.61902E-02 2.01083E+00
8.71071E-02 2.02785E+00
8.80240E-02 2.04416E+00
8.89409E-02 2.05973E+00
8.98579E-02 2.07453E+00
9.07747E-02 2.08852E+00
9.16917E-02 2.10168E+00
9.26086E-02 2.11398E+00
9.35255E-02 2.12540E+00
9.44425E-02 2.13592E+00
9.53594E-02 2.14553E+00
9.62763E-02 2.15419E+00
9.71933E-02 2.16191E+00
9.81102E-02 2.16868E+00
9.90272E-02 2.17449E+00
9.99442E-02 2.17933E+00
1.00861E-01 2.18322E+00
1.01778E-01 2.18614E+00
1.02695E-01 2.18812E+00
1.03612E-01 2.18916E+00
1.04529E-01 2.18928E+00
1.05445E-01 2.18849E+00
1.06362E-01 2.18682E+00
1.07279E-01 2.18429E+00
1.08196E-01 2.18092E+00
1.09113E-01 2.17676E+00
1.10030E-01 2.17182E+00
1.10947E-01 2.16614E+00
1.11864E-01 2.15976E+00
1.12781E-01 2.15272E+00
1.13698E-01 2.14506E+00
1.14615E-01 2.13682E+00
1.15532E-01 2.12804E+00
1.16449E-01 2.11877E+00
1.17366E-01 2.10904E+00
1.18282E-01 2.09892E+00
1.19199E-01 2.08843E+00
1.20116E-01 2.07763E+00
1.21033E-01 2.06655E+00
1.21950E-01 2.05525E+00
1.22867E-01 2.04377E+00
1.23784E-01 2.03214E+00
1.24700E-01 2.02041E+00
1.25617E-01 2.00862E+00
1.26534E-01 1.99681E+00
1.27451E-01 1.98501E+00
1.28368E-01 1.97326E+00
1.29285E-01 1.96159E+00
1.30202E-01 1.95003E+00
1.31119E-01 1.93861E+00
1.32036E-01 1.92735E+00
1.32953E-01 1.91628E+00
1.33870E-01 1.90542E+00
1.34787E-01 1.89480E+00
1.35704E-01 1.88443E+00
1.36621E-01 1.87432E+00
1.37538E-01 1.86449E+00
1.38455E-01 1.85495E+00
1.39372E-01 1.84572E+00
1.40289E-01 1.83679E+00
1.41206E-01 1.82818E+00
1.42123E-01 1.81989E+00
1.43040E-01 1.81193E+00
1.43956E-01 1.80430E+00
1.44872E-01 1.79699E+00
1.45789E-01 1.79002E+00
1.46706E-01 1.78337E+00
1.47623E-01 1.77705E+00
1.48540E-01 1.77106E+00
1.49457E-01 1.76539E+00
1.50374E-01 1.76004E+00
1.51291E-01 1.75500E+00
1.52208E-01 1.75028E+00
1.53125E-01 1.74586E+00
1.54042E-01 1.74175E+00
1.54959E-01 1.73794E+00
1.55876E-01 1.73442E+00
1.56793E-01 1.73119E+00
1.57710E-01 1.72824E+00
1.58627E-01 1.72558E+00
1.59544E-01 1.72319E+00
1.60461E-01 1.72108E+00
1.61378E-01 1.71923E+00
1.62294E-01 1.71764E+00
1.63211E-01 1.71632E+00
1.64128E-01 1.71524E+00
1.65045E-01 1.71441E+00
1.65962E-01 1.71383E+00
1.66879E-01 1.71348E+00
1.67796E-01 1.71337E+00
1.68713E-01 1.71348E+00
1.69630E-01 1.71381E+00
1.70546E-01 1.71436E+00
1.71463E-01 1.71511E+00
1.72380E-01 1.71606E+00
1.73297E-01 1.71720E+00
1.74214E-01 1.71853E+00
1.75131E-01 1.72003E+00
1.76048E-01 1.72170E+00
1.76965E-01 1.72352E+00
1.77882E-01 1.72548E+00
1.78799E-01 1.72758E+00
1.79716E-01 1.72981E+00
1.80633E-01 1.73214E+00
1.81549E-01 1.73458E+00
1.82466E-01 1.73710E+00
1.83383E-01 1.73969E+00
1.84300E-01 1.74235E+00
1.85217E-01 1.74505E+00
1.86134E-01 1.74780E+00
1.87051E-01 1.75056E+00
1.87968E-01 1.75334E+00
1.88885E-01 1.75611E+00
1.89802E-01 1.75886E+00
1.90719E-01 1.76159E+00
1.91636E-01 1.76428E+00
1.92553E-01 1.76692E+00
1.93470E-01 1.76950E+00
1.94387E-01 1.77200E+00
1.95304E-01 1.77442E+00
1.96220E-01 1.77675E+00
1.97137E-01 1.77898E+00
1.98054E-01 1.78110E+00
1.98971E-01 1.78311E+00
1.99888E-01 1.78500E+00
2.00804E-01 1.78676E+00
2.01721E-01 1.78839E+00
2.02638E-01 1.78989E+00
2.03555E-01 1.79125E+00
2.04472E-01 1.79247E+00
2.05389E-01 1.79354E+00
2.06306E-01 1.79448E+00
2.07223E-01 1.79527E+00
2.08140E-01 1.79592E+00
2.09057E-01 1.79643E+00
2.09974E-01 1.79680E+00
2.10891E-01 1.79704E+00
2.11808E-01 1.79714E+00
2.12725E-01 1.79710E+00
2.13642E-01 1.79694E+00
2.14559E-01 1.79664E+00
2.15476E-01 1.79623E+00
2.16393E-01 1.79569E+00
2.17310E-01 1.79503E+00
2.18227E-01 1.79426E+00
2.19144E-01 1.79338E+00
2.20060E-01 1.79238E+00
2.20977E-01 1.79128E+00
2.21894E-01 1.79007E+00
2.22810E-01 1.78876E+00
2.23727E-01 1.78735E+00
2.24644E-01 1.78584E+00
2.25561E-01 1.78423E+00
2.26478E-01 1.78252E+00
2.27395E-01 1.78071E+00
2.28312E-01 1.77880E+00
2.29229E-01 1.77679E+00
2.30146E-01 1.77469E+00
2.31063E-01 1.77248E+00
2.31980E-01 1.77017E+00
2.32897E-01 1.76775E+00
2.33814E-01 1.76524E+00
2.34731E-01 1.76261E+00
2.35648E-01 1.75988E+00
2.36565E-01 1.75703E+00
2.37482E-01 1.75408E+00
2.38399E-01 1.75100E+00
2.39315E-01 1.74782E+00
2.40232E-01 1.74451E+00
2.41149E-01 1.74109E+00
2.42066E-01 1.73755E+00
2.42983E-01 1.73388E+00
2.43900E-01 1.73009E+00
2.44817E-01 1.72618E+00
2.45734E-01 1.72214E+00
2.46651E-01 1.71798E+00
2.47568E-01 1.71369E+00
2.48485E-01 1.70928E+00
2.49401E-01 1.70475E+00
2.50318E-01 1.70009E+00
2.51235E-01 1.69531E+00
2.52152E-01 1.69041E+00
2.53069E-01 1.68539E+00
2.53986E-01 1.68025E+00
2.54903E-01 1.67499E+00
2.55820E-01 1.66962E+00
2.56737E-01 1.66413E+00
2.57653E-01 1.65853E+00
2.58570E-01 1.65282E+00
2.59487E-01 1.64700E+00
2.60404E-01 1.64108E+00
2.61321E-01 1.63505E+00
2.62238E-01 1.62891E+00
2.63155E-01 1.62267E+00
2.64072E-01 1.61633E+00
2.64989E-01 1.60989E+00
2.65906E-01 1.60335E+00
2.66823E-01 1.59671E+00
2.67740E-01 1.58997E+00
2.68657E-01 1.58313E+00
2.69574E-01 1.57619E+00
2.70491E-01 1.56914E+00
2.71408E-01 1.56200E+00
2.72325E-01 1.55476E+00
2.73242E-01 1.54741E+00
2.74159E-01 1.53996E+00
2.75075E-01 1.53240E+00
2.75992E-01 1.52474E+00
2.76908E-01 1.51696E+00
2.77825E-01 1.50908E+00
2.78742E-01 1.50109E+00
2.79659E-01 1.49298E+00
2.80576E-01 1.48476E+00
2.81493E-01 1.47642E+00
2.82410E-01 1.46796E+00
2.83327E-01 1.45939E+00
2.84244E-01 1.45070E+00
2.85161E-01 1.44189E+00
2.86078E-01 1.43297E+00
2.86995E-01 1.42392E+00
2.87912E-01 1.41475E+00
2.88829E-01 1.40547E+00
2.89746E-01 1.39607E+00
2.90663E-01 1.38655E+00
2.91580E-01 1.37693E+00
2.92497E-01 1.36719E+00
2.93414E-01 1.35734E+00
2.94331E-01 1.34739E+00
2.95248E-01 1.33734E+00
2.96164E-01 1.32719E+00
2.97081E-01 1.31695E+00
2.97998E-01 1.30661E+00
2.98915E-01 1.29620E+00
2.99832E-01 1.28571E+00
3.00749E-01 1.27514E+00
3.01665E-01 1.26451E+00
3.02582E-01 1.25382E+00
3.03499E-01 1.24307E+00
3.04416E-01 1.23227E+00
3.05333E-01 1.22144E+00
3.06250E-01 1.21057E+00
3.07167E-01 1.19967E+00
3.08084E-01 1.18876E+00
3.09001E-01 1.17783E+00
3.09918E-01 1.16690E+00
3.10835E-01 1.15598E+00
3.11752E-01 1.14506E+00
3.12669E-01 1.13417E+00
3.13586E-01 1.12330E+00
3.14503E-01 1.11247E+00
3.15419E-01 1.10169E+00
3.16336E-01 1.09095E+00
3.17253E-01 1.08028E+00
3.18170E-01 1.06969E+00
3.19087E-01 1.05917E+00
3.20004E-01 1.04874E+00
3.20921E-01 1.03841E+00
3.21838E-01 1.02819E+00
3.22755E-01 1.01809E+00
3.23672E-01 1.00812E+00
3.24589E-01 9.98292E-01
3.25506E-01 9.88612E-01
3.26423E-01 9.79094E-01
3.27339E-01 9.69750E-01
3.28256E-01 9.60589E-01
3.29173E-01 9.51625E-01
3.30090E-01 9.42868E-01
3.31007E-01 9.34331E-01
3.31924E-01 9.26026E-01
3.32841E-01 9.17965E-01
3.33758E-01 9.10160E-01
3.34674E-01 9.02623E-01
3.35591E-01 8.95367E-01
3.36508E-01 8.88402E-01
3.37425E-01 8.81742E-01
3.38342E-01 8.75396E-01
3.39259E-01 8.69377E-01
3.40176E-01 8.63696E-01
3.41093E-01 8.58361E-01
3.42010E-01 8.53383E-01
3.42927E-01 8.48771E-01
3.43844E-01 8.44533E-01
3.44761E-01 8.40676E-01
3.45678E-01 8.37207E-01
3.46595E-01 8.34131E-01
3.47512E-01 8.31452E-01
3.48429E-01 8.29174E-01
3.49346E-01 8.27300E-01
3.50263E-01 8.25829E-01
3.51180E-01 8.24761E-01
3.52097E-01 8.24095E-01
3.53013E-01 8.23828E-01
3.53929E-01 8.23956E-01
3.54846E-01 8.24472E-01
3.55763E-01 8.25370E-01
3.56680E-01 8.26641E-01
3.57597E-01 8.28276E-01
3.58514E-01 8.30263E-01
3.59431E-01 8.32591E-01
3.60348E-01 8.35245E-01
3.61265E-01 8.38213E-01
3.62182E-01 8.41477E-01
3.63099E-01 8.45021E-01
3.64016E-01 8.48829E-01
3.64933E-01 8.52881E-01
3.65850E-01 8.57160E-01
3.66767E-01 8.61645E-01
3.67684E-01 8.66318E-01
3.68601E-01 8.71158E-01
3.69518E-01 8.76145E-01
3.70435E-01 8.81259E-01
3.71352E-01 8.86479E-01
3.72268E-01 8.91786E-01
3.73185E-01 8.97159E-01
3.74102E-01 9.02580E-01
3.75019E-01 9.08030E-01
3.75936E-01 9.13491E-01
3.76853E-01 9.18944E-01
3.77770E-01 9.24375E-01
3.78687E-01 9.29766E-01
3.79603E-01 9.35104E-01
3.80520E-01 9.40375E-01
3.81437E-01 9.45565E-01
3.82354E-01 9.50663E-01
3.83271E-01 9.55660E-01
3.84188E-01 9.60545E-01
3.85105E-01 9.65311E-01
3.86022E-01 9.69950E-01
3.86939E-01 9.74457E-01
3.87856E-01 9.78827E-01
3.88773E-01 9.83057E-01
3.89690E-01 9.87143E-01
3.90607E-01 9.91084E-01
3.91523E-01 9.94879E-01
3.92440E-01 9.98528E-01
3.93357E-01 1.00203E+00
3.94274E-01 1.00539E+00
3.95191E-01 1.00861E+00
3.96108E-01 1.01169E+00
3.97025E-01 1.01464E+00
3.97942E-01 1.01745E+00
3.98859E-01 1.02013E+00
3.99776E-01 1.02269E+00
4.00693E-01 1.02512E+00
4.01610E-01 1.02744E+00
4.02527E-01 1.02965E+00
4.03444E-01 1.03174E+00
4.04361E-01 1.03373E+00
4.05278E-01 1.03562E+00
4.06194E-01 1.03740E+00
4.07111E-01 1.03909E+00
4.08028E-01 1.04068E+00
4.08945E-01 1.04219E+00
4.09862E-01 1.04360E+00
4.10778E-01 1.04492E+00
4.11695E-01 1.04615E+00
4.12612E-01 1.04729E+00
4.13529E-01 1.04834E+00
4.14446E-01 1.04931E+00
4.15363E-01 1.05019E+00
4.16280E-01 1.05098E+00
4.17197E-01 1.05168E+00
4.18114E-01 1.05228E+00
4.19031E-01 1.05280E+00
4.19948E-01 1.05322E+00
4.20865E-01 1.05354E+00
4.21782E-01 1.05377E+00
4.22699E-01 1.05389E+00
4.23616E-01 1.05392E+00
4.24533E-01 1.05385E+00
4.25450E-01 1.05367E+00
4.26367E-01 1.05339E+00
4.27284E-01 1.05300E+00
4.28201E-01 1.05251E+00
4.29118E-01 1.05192E+00
4.30034E-01 1.05122E+00
4.30951E-01 1.05041E+00
4.31868E-01 1.04950E+00
4.32784E-01 1.04849E+00
4.33701E-01 1.04738E+00
4.34618E-01 1.04616E+00
4.35535E-01 1.04485E+00
4.36452E-01 1.04345E+00
4.37369E-01 1.04195E+00
4.38286E-01 1.04036E+00
4.39203E-01 1.03869E+00
4.40120E-01 1.03693E+00
4.41037E-01 1.03509E+00
4.41954E-01 1.03317E+00
4.42871E-01 1.03118E+00
4.43788E-01 1.02912E+00
4.44705E-01 1.02699E+00
4.45622E-01 1.02480E+00
4.46539E-01 1.02256E+00
4.47456E-01 1.02025E+00
4.48373E-01 1.01790E+00
4.49289E-01 1.01549E+00
4.50206E-01 1.01304E+00
4.51123E-01 1.01054E+00
4.52040E-01 1.00800E+00
4.52957E-01 1.00542E+00
4.53874E-01 1.00280E+00
4.54791E-01 1.00015E+00
4.55708E-01 9.97457E-01
4.56625E-01 9.94733E-01
4.57542E-01 9.91976E-01
4.58458E-01 9.89187E-01
4.59375E-01 9.86364E-01
4.60292E-01 9.83510E-01
4.61209E-01 9.80623E-01
4.62126E-01 9.77703E-01
4.63043E-01 9.74749E-01
4.63960E-01 9.71763E-01
4.64877E-01 9.68741E-01
4.65794E-01 9.65685E-01
4.66711E-01 9.62594E-01
4.67627E-01 9.59466E-01
4.68544E-01 9.56302E-01
4.69461E-01 9.53101E-01
4.70378E-01 9.49862E-01
4.71295E-01 9.46586E-01
4.72212E-01 9.43272E-01
4.73129E-01 9.39921E-01
4.74046E-01 9.36533E-01
4.74963E-01 9.33108E-01
4.75880E-01 9.29648E-01
4.76797E-01 9.26153E-01
4.77714E-01 9.22624E-01
4.78631E-01 9.19064E-01
4.79548E-01 9.15473E-01
4.80465E-01 9.11854E-01
4.81382E-01 9.08210E-01
4.82299E-01 9.04541E-01
4.83216E-01 9.00851E-01
4.84132E-01 8.97143E-01
4.85049E-01 8.93419E-01
4.85966E-01 8.89682E-01
4.86882E-01 8.85935E-01
4.87799E-01 8.82182E-01
4.88716E-01 8.78424E-01
4.89633E-01 8.74665E-01
4.90550E-01 8.70909E-01
4.91467E-01 8.67158E-01
4.92384E-01 8.63414E-01
4.93301E-01 8.59682E-01
4.94218E-01 8.55962E-01
4.95135E-01 8.52258E-01
4.96052E-01 8.48572E-01
4.96969E-01 8.44905E-01
4.97886E-01 8.41261E-01
4.98803E-01 8.37640E-01
4.99720E-01 8.34044E-01
5.00637E-01 8.30474E-01
5.01554E-01 8.26931E-01
5.02471E-01 8.23416E-01
5.03388E-01 8.19930E-01
5.04305E-01 8.16473E-01
5.05222E-01 8.13046E-01
5.06138E-01 8.09649E-01
5.07055E-01 8.06281E-01
5.07972E-01 8.02943E-01
5.08889E-01 7.99635E-01
5.09806E-01 7.96356E-01
5.10722E-01 7.93106E-01
5.11639E-01 7.89885E-01
5.12556E-01 7.86692E-01
5.13473E-01 7.83528E-01
5.14390E-01 7.80391E-01
5.15307E-01 7.77283E-01
5.16224E-01 7.74202E-01
5.17141E-01 7.71149E-01
5.18058E-01 7.68124E-01
5.18975E-01 7.65127E-01
5.19892E-01 7.62159E-01
5.20809E-01 7.59220E-01
5.21726E-01 7.56310E-01
5.22643E-01 7.53431E-01
5.23560E-01 7.50583E-01
5.24477E-01 7.47767E-01
5.25393E-01 7.44985E-01
5.26310E-01 7.42237E-01
5.27227E-01 7.39524E-01
5.28144E-01 7.36849E-01
5.29061E-01 7.34212E-01
5.29978E-01 7.31615E-01
5.30895E-01 7.29060E-01
5.31812E-01 7.26546E-01
5.32729E-01 7.24077E-01
5.33646E-01 7.21653E-01
5.34563E-01 7.19275E-01
5.35480E-01 7.16944E-01
5.36397E-01 7.14662E-01
5.37313E-01 7.12429E-01
5.38230E-01 7.10246E-01
5.39147E-01 7.08113E-01
5.40064E-01 7.06031E-01
5.40981E-01 7.04000E-01
5.41898E-01 7.02019E-01
5.42815E-01 7.00089E-01
5.43732E-01 6.98208E-01
5.44648E-01 6.96377E-01
5.45565E-01 6.94594E-01
5.46482E-01 6.92858E-01
5.47399E-01 6.91169E-01
5.48316E-01 6.89525E-01
5.49233E-01 6.87923E-01
5.50150E-01 6.86364E-01
5.51067E-01 6.84844E-01
5.51984E-01 6.83363E-01
5.52901E-01 6.81918E-01
5.53818E-01 6.80508E-01
5.54735E-01 6.79131E-01
5.55652E-01 6.77784E-01
5.56569E-01 6.76466E-01
5.57486E-01 6.75175E-01
5.58403E-01 6.73910E-01
5.59320E-01 6.72669E-01
5.60237E-01 6.71451E-01
5.61154E-01 6.70253E-01
5.62071E-01 6.69076E-01
5.62987E-01 6.67918E-01
5.63903E-01 6.66778E-01
5.64820E-01 6.65656E-01
5.65737E-01 6.64551E-01
5.66654E-01 6.63463E-01
5.67571E-01 6.62391E-01
5.68488E-01 6.61337E-01
5.69405E-01 6.60299E-01
5.70322E-01 6.59279E-01
5.71239E-01 6.58277E-01
5.72156E-01 6.57294E-01
5.73073E-01 6.56330E-01
5.73990E-01 6.55386E-01
5.74907E-01 6.54463E-01
5.75824E-01 6.53562E-01
5.76741E-01 6.52684E-01
5.77658E-01 6.51830E-01
5.78575E-01 6.51001E-01
5.79492E-01 6.50197E-01
5.80409E-01 6.49420E-01
5.81326E-01 6.48670E-01
5.82242E-01 6.47948E-01
5.83159E-01 6.47254E-01
5.84076E-01 6.46589E-01
5.84993E-01 6.45953E-01
5.85910E-01 6.45345E-01
5.86827E-01 6.44766E-01
5.87744E-01 6.44215E-01
5.88661E-01 6.43693E-01
5.89577E-01 6.43197E-01
5.90494E-01 6.42728E-01
5.91411E-01 6.42285E-01
5.92328E-01 6.41866E-01
5.93245E-01 6.41469E-01
5.94162E-01 6.41095E-01
5.95079E-01 6.40741E-01
5.95996E-01 6.40406E-01
5.96913E-01 6.40087E-01
5.97830E-01 6.39784E-01
5.98747E-01 6.39495E-01
5.99664E-01 6.39217E-01
6.00581E-01 6.38950E-01
6.01497E-01 6.38692E-01
6.02414E-01 6.38440E-01
6.03331E-01 6.38194E-01
6.04248E-01 6.37952E-01
6.05165E-01 6.37712E-01
6.06082E-01 6.37474E-01
6.06999E-01 6.37237E-01
6.07916E-01 6.36999E-01
6.08833E-01 6.36760E-01
6.09750E-01 6.36519E-01
6.10667E-01 6.36277E-01
6.11584E-01 6.36031E-01
6.12501E-01 6.35784E-01
6.13418E-01 6.35534E-01
6.14335E-01 6.35281E-01
6.15251E-01 6.35027E-01
6.16168E-01 6.34771E-01
6.17085E-01 6.34515E-01
6.18002E-01 6.34258E-01
6.18919E-01 6.34002E-01
6.19836E-01 6.33747E-01
6.20752E-01 6.33495E-01
6.21669E-01 6.33245E-01
6.22586E-01 6.32999E-01
6.23503E-01 6.32758E-01
6.24420E-01 6.32522E-01
6.25337E-01 6.32292E-01
6.26254E-01 6.32068E-01
6.27171E-01 6.31852E-01
6.28088E-01 6.31643E-01
6.29005E-01 6.31442E-01
6.29922E-01 6.31249E-01
6.30839E-01 6.31063E-01
6.31756E-01 6.30886E-01
6.32673E-01 6.30715E-01
6.33590E-01 6.30551E-01
6.34507E-01 6.30394E-01
6.35424E-01 6.30241E-01
6.36341E-01 6.30094E-01
6.37258E-01 6.29950E-01
6.38175E-01 6.29808E-01
6.39092E-01 6.29667E-01
6.40008E-01 6.29527E-01
6.40925E-01 6.29385E-01
6.41841E-01 6.29240E-01
6.42758E-01 6.29090E-01
6.43675E-01 6.28935E-01
6.44592E-01 6.28773E-01
6.45509E-01 6.28603E-01
6.46426E-01 6.28423E-01
6.47343E-01 6.28232E-01
6.48260E-01 6.28030E-01
6.49177E-01 6.27814E-01
6.50094E-01 6.27585E-01
6.51011E-01 6.27341E-01
6.51928E-01 6.27082E-01
6.52845E-01 6.26808E-01
6.53762E-01 6.26519E-01
6.54679E-01 6.26214E-01
6.55596E-01 6.25894E-01
6.56513E-01 6.25559E-01
6.57430E-01 6.25209E-01
6.58347E-01 6.24846E-01
6.59263E-01 6.24469E-01
6.60180E-01 6.24081E-01
6.61097E-01 6.23681E-01
6.62014E-01 6.23271E-01
6.62931E-01 6.22853E-01
6.63848E-01 6.22428E-01
6.64765E-01 6.21996E-01
6.65682E-01 6.21560E-01
6.66599E-01 6.21121E-01
6.67515E-01 6.20680E-01
6.68432E-01 6.20238E-01
6.69349E-01 6.19797E-01
6.70266E-01 6.19358E-01
6.71183E-01 6.18922E-01
6.72100E-01 6.18490E-01
6.73017E-01 6.18063E-01
6.73934E-01 6.17641E-01
6.74851E-01 6.17225E-01
6.75768E-01 6.16816E-01
6.76685E-01 6.16414E-01
6.77601E-01 6.16018E-01
6.78518E-01 6.15628E-01
6.79435E-01 6.15245E-01
6.80352E-01 6.14868E-01
6.81269E-01 6.14496E-01
6.82186E-01 6.14129E-01
6.83103E-01 6.13765E-01
6.84020E-01 6.13405E-01
6.84937E-01 6.13046E-01
6.85854E-01 6.12688E-01
6.86771E-01 6.12329E-01
6.87688E-01 6.11969E-01
6.88605E-01 6.11606E-01
6.89522E-01 6.11240E-01
6.90439E-01 6.10868E-01
6.91356E-01 6.10489E-01
6.92273E-01 6.10104E-01
6.93190E-01 6.09711E-01
6.94106E-01 6.09308E-01
6.95023E-01 6.08896E-01
6.95940E-01 6.08474E-01
6.96856E-01 6.08042E-01
6.97773E-01 6.07598E-01
6.98690E-01 6.07144E-01
6.99607E-01 6.06678E-01
7.00524E-01 6.06203E-01
7.01441E-01 6.05717E-01
7.02358E-01 6.05221E-01
7.03275E-01 6.04716E-01
7.04192E-01 6.04204E-01
7.05109E-01 6.03684E-01
7.06026E-01 6.03158E-01
7.06943E-01 6.02628E-01
7.07860E-01 6.02094E-01
7.08777E-01 6.01557E-01
7.09694E-01 6.01020E-01
7.10611E-01 6.00483E-01
7.11528E-01 5.99948E-01
7.12445E-01 5.99415E-01
7.13362E-01 5.98888E-01
7.14279E-01 5.98365E-01
7.15196E-01 5.97850E-01
7.16112E-01 5.97342E-01
7.17029E-01 5.96843E-01
7.17946E-01 5.96353E-01
7.18863E-01 5.95873E-01
7.19780E-01 5.95404E-01
7.20696E-01 5.94945E-01
7.21613E-01 5.94497E-01
7.22530E-01 5.94060E-01
7.23447E-01 5.93634E-01
7.24364E-01 5.93218E-01
7.25281E-01 5.92812E-01
7.26198E-01 5.92415E-01
7.27115E-01 5.92027E-01
7.28032E-01 5.91646E-01
7.28949E-01 5.91272E-01
7.29866E-01 5.90903E-01
7.30783E-01 5.90539E-01
7.31700E-01 5.90178E-01
7.32617E-01 5.89819E-01
7.33534E-01 5.89461E-01
7.34451E-01 5.89103E-01
7.35367E-01 5.88743E-01
7.36284E-01 5.88381E-01
7.37201E-01 5.88016E-01
7.38118E-01 5.87646E-01
7.39035E-01 5.87271E-01
7.39952E-01 5.86891E-01
7.40869E-01 5.86504E-01
7.41786E-01 5.86111E-01
7.42703E-01 5.85712E-01
7.43620E-01 5.85306E-01
7.44537E-01 5.84893E-01
7.45454E-01 5.84474E-01
7.46370E-01 5.84050E-01
7.47287E-01 5.83620E-01
7.48204E-01 5.83187E-01
7.49121E-01 5.82750E-01
7.50038E-01 5.82310E-01
7.50955E-01 5.81870E-01
7.51872E-01 5.81429E-01
7.52789E-01 5.80990E-01
7.53706E-01 5.80553E-01
7.54622E-01 5.80119E-01
7.55539E-01 5.79691E-01
7.56456E-01 5.79269E-01
7.57373E-01 5.78855E-01
7.58290E-01 5.78449E-01
7.59207E-01 5.78053E-01
7.60124E-01 5.77668E-01
7.61041E-01 5.77294E-01
7.61958E-01 5.76932E-01
7.62875E-01 5.76582E-01
7.63792E-01 5.76245E-01
7.64709E-01 5.75921E-01
7.65626E-01 5.75610E-01
7.66543E-01 5.75312E-01
7.67460E-01 5.75026E-01
7.68377E-01 5.74751E-01
7.69294E-01 5.74487E-01
7.70211E-01 5.74233E-01
7.71128E-01 5.73987E-01
7.72044E-01 5.73748E-01
7.72960E-01 5.73516E-01
7.73877E-01 5.73288E-01
7.74794E-01 5.73063E-01
7.75711E-01 5.72839E-01
7.76628E-01 5.72614E-01
7.77545E-01 5.72387E-01
7.78462E-01 5.72156E-01
7.79379E-01 5.71919E-01
7.80296E-01 5.71675E-01
7.81213E-01 5.71423E-01
7.82130E-01 5.71159E-01
7.83047E-01 5.70884E-01
7.83964E-01 5.70597E-01
7.84881E-01 5.70295E-01
7.85798E-01 5.69978E-01
7.86715E-01 5.69645E-01
7.87632E-01 5.69297E-01
7.88549E-01 5.68932E-01
7.89466E-01 5.68550E-01
7.90383E-01 5.68151E-01
7.91300E-01 5.67735E-01
7.92216E-01 5.67303E-01
7.93133E-01 5.66856E-01
7.94050E-01 5.66393E-01
7.94967E-01 5.65916E-01
7.95884E-01 5.65425E-01
7.96801E-01 5.64922E-01
7.97718E-01 5.64407E-01
7.98634E-01 5.63882E-01
7.99551E-01 5.63348E-01
8.00468E-01 5.62805E-01
8.01385E-01 5.62255E-01
8.02302E-01 5.61699E-01
8.03219E-01 5.61138E-01
8.04136E-01 5.60572E-01
8.05053E-01 5.60003E-01
8.05970E-01 5.59431E-01
8.06887E-01 5.58856E-01
8.07804E-01 5.58279E-01
8.08721E-01 5.57700E-01
8.09638E-01 5.57118E-01
8.10555E-01 5.56534E-01
8.11471E-01 5.55947E-01
8.12388E-01 5.55357E-01
8.13305E-01 5.54761E-01
8.14222E-01 5.54161E-01
8.15139E-01 5.53554E-01
8.16056E-01 5.52939E-01
8.16973E-01 5.52314E-01
8.17890E-01 5.51679E-01
8.18807E-01 5.51031E-01
8.19724E-01 5.50368E-01
8.20641E-01 5.49689E-01
8.21558E-01 5.48993E-01
8.22475E-01 5.48276E-01
8.23392E-01 5.47538E-01
8.24308E-01 5.46776E-01
8.25225E-01 5.45990E-01
8.26142E-01 5.45177E-01
8.27059E-01 5.44336E-01
8.27976E-01 5.43466E-01
8.28893E-01 5.42565E-01
8.29810E-01 5.41633E-01
8.30726E-01 5.40669E-01
8.31643E-01 5.39672E-01
8.32560E-01 5.38642E-01
8.33477E-01 5.37578E-01
8.34394E-01 5.36482E-01
8.35311E-01 5.35352E-01
8.36228E-01 5.34190E-01
8.37145E-01 5.32996E-01
8.38062E-01 5.31770E-01
8.38979E-01 5.30514E-01
8.39896E-01 5.29229E-01
8.40813E-01 5.27915E-01
8.41730E-01 5.26574E-01
8.42647E-01 5.25207E-01
8.43564E-01 5.23814E-01
8.44481E-01 5.22399E-01
8.45398E-01 5.20961E-01
8.46315E-01 5.19501E-01
8.47232E-01 5.18021E-01
8.48149E-01 5.16521E-01
8.49066E-01 5.15003E-01
8.49982E-01 5.13466E-01
8.50899E-01 5.11911E-01
8.51815E-01 5.10339E-01
8.52732E-01 5.08749E-01
8.53649E-01 5.07141E-01
8.54566E-01 5.05514E-01
8.55483E-01 5.03868E-01
8.56400E-01 5.02203E-01
8.57317E-01 5.00516E-01
8.58234E-01 4.98806E-01
8.59151E-01 4.97073E-01
8.60068E-01 4.95315E-01
8.60985E-01 4.93529E-01
8.61902E-01 4.91714E-01
8.62819E-01 4.89869E-01
8.63736E-01 4.87991E-01
8.64653E-01 4.86078E-01
8.65570E-01 4.84130E-01
8.66487E-01 4.82144E-01
8.67404E-01 4.80118E-01
8.68320E-01 4.78053E-01
8.69237E-01 4.75946E-01
8.70154E-01 4.73797E-01
8.71071E-01 4.71606E-01
8.71988E-01 4.69373E-01
8.72905E-01 4.67098E-01
8.73822E-01 4.64782E-01
8.74739E-01 4.62428E-01
8.75656E-01 4.60037E-01
8.76573E-01 4.57611E-01
8.77489E-01 4.55154E-01
8.78406E-01 4.52669E-01
8.79323E-01 4.50162E-01
8.80240E-01 4.47636E-01
8.81157E-01 4.45097E-01
8.82074E-01 4.42552E-01
8.82991E-01 4.40008E-01
8.83908E-01 4.37471E-01
8.84825E-01 4.34949E-01
8.85742E-01 4.32451E-01
8.86659E-01 4.29985E-01
8.87575E-01 4.27561E-01
8.88492E-01 4.25189E-01
8.89409E-01 4.22878E-01
8.90326E-01 4.20638E-01
8.91243E-01 4.18481E-01
8.92160E-01 4.16416E-01
8.93077E-01 4.14455E-01
8.93994E-01 4.12609E-01
8.94911E-01 4.10889E-01
8.95828E-01 4.09305E-01
8.96745E-01 4.07870E-01
8.97662E-01 4.06592E-01
8.98579E-01 4.05484E-01
8.99496E-01 4.04556E-01
9.00413E-01 4.03819E-01
9.01330E-01 4.03281E-01
9.02247E-01 4.02953E-01
9.03163E-01 4.02845E-01
9.04080E-01 4.02965E-01
9.04997E-01 4.03323E-01
9.05914E-01 4.03926E-01
9.06830E-01 4.04782E-01
9.07747E-01 4.05900E-01
9.08664E-01 4.07286E-01
9.09581E-01 4.08947E-01
9.10498E-01 4.10889E-01
9.11415E-01 4.13119E-01
9.12332E-01 4.15642E-01
9.13249E-01 4.18463E-01
9.14166E-01 4.21587E-01
9.15083E-01 4.25019E-01
9.16000E-01 4.28763E-01
9.16917E-01 4.32824E-01
9.17834E-01 4.37204E-01
9.18751E-01 4.41908E-01
9.19668E-01 4.46938E-01
9.20585E-01 4.52298E-01
9.21502E-01 4.57990E-01
9.22419E-01 4.64016E-01
9.23336E-01 4.70381E-01
9.24253E-01 4.77084E-01
9.25170E-01 4.84129E-01
9.26086E-01 4.91517E-01
9.27003E-01 4.99251E-01
9.27920E-01 5.07331E-01
9.28837E-01 5.15758E-01
9.29753E-01 5.24535E-01
9.30670E-01 5.33661E-01
9.31587E-01 5.43138E-01
9.32504E-01 5.52966E-01
9.33421E-01 5.63145E-01
9.34338E-01 5.73676E-01
9.35255E-01 5.84558E-01
9.36172E-01 5.95791E-01
9.37089E-01 6.07374E-01
9.38006E-01 6.19307E-01
9.38923E-01 6.31587E-01
9.39840E-01 6.44214E-01
9.40757E-01 6.57185E-01
9.41674E-01 6.70499E-01
9.42591E-01 6.84153E-01
9.43508E-01 6.98144E-01
9.44425E-01 7.12469E-01
9.45341E-01 7.27126E-01
9.46258E-01 7.42110E-01
9.47175E-01 7.57419E-01
9.48092E-01 7.73047E-01
9.49009E-01 7.88990E-01
9.49926E-01 8.05246E-01
9.50843E-01 8.21807E-01
9.51760E-01 8.38671E-01
9.52677E-01 8.55832E-01
9.53594E-01 8.73286E-01
9.54511E-01 8.91027E-01
9.55427E-01 9.09050E-01
9.56344E-01 9.27351E-01
9.57261E-01 9.45924E-01
9.58178E-01 9.64765E-01
9.59095E-01 9.83867E-01
9.60012E-01 1.00323E+00
9.60929E-01 1.02284E+00
9.61846E-01 1.04270E+00
9.62763E-01 1.06280E+00
9.63678E-01 1.08314E+00
9.64593E-01 1.10371E+00
9.65518E-01 1.12451E+00
9.66433E-01 1.14554E+00
9.67348E-01 1.16677E+00
9.68263E-01 1.18823E+00
9.69178E-01 1.20988E+00
9.70103E-01 1.23174E+00
9.71018E-01 1.25379E+00
9.71933E-01 1.27602E+00
9.72848E-01 1.29844E+00
9.73763E-01 1.32103E+00
9.74678E-01 1.34377E+00
9.75603E-01 1.36667E+00
9.76518E-01 1.38972E+00
9.77433E-01 1.41289E+00
9.78348E-01 1.43618E+00
9.79263E-01 1.45958E+00
9.80187E-01 1.48307E+00
9.81102E-01 1.50663E+00
9.82017E-01 1.53024E+00
9.82933E-01 1.55390E+00
9.83848E-01 1.57756E+00
9.84772E-01 1.60123E+00
9.85687E-01 1.62487E+00
9.86602E-01 1.64845E+00
9.87517E-01 1.67195E+00
9.88432E-01 1.69535E+00
9.89357E-01 1.71861E+00
9.90272E-01 1.74170E+00
9.91187E-01 1.76459E+00
9.92102E-01 1.78725E+00
9.93017E-01 1.80965E+00
9.93942E-01 1.83174E+00
9.94857E-01 1.85349E+00
9.95772E-01 1.87487E+00
9.96687E-01 1.89583E+00
9.97602E-01 1.91635E+00
9.98527E-01 1.93637E+00
9.99442E-01 1.95587E+00
1.00036E+00 1.97481E+00
1.00127E+00 1.99314E+00
1.00219E+00 2.01083E+00
1.00311E+00 2.02785E+00
1.00403E+00 2.04416E+00
1.00494E+00 2.05973E+00
1.00586E+00 2.07453E+00
1.00677E+00 2.08852E+00
1.00770E+00 2.10168E+00
1.00861E+00 2.11398E+00
1.00953E+00 2.12540E+00
1.01044E+00 2.13592E+00
1.01136E+00 2.14553E+00
1.01227E+00 2.15419E+00
1.01320E+00 2.16191E+00
1.01411E+00 2.16868E+00
1.01503E+00 2.17449E+00
1.01594E+00 2.17933E+00
1.01686E+00 2.18322E+00
1.01778E+00 2.18614E+00
1.01870E+00 2.18812E+00
1.01961E+00 2.18916E+00
1.02053E+00 2.18928E+00
1.02144E+00 2.18849E+00
1.02237E+00 2.18682E+00
1.02328E+00 2.18429E+00
1.02420E+00 2.18092E+00
1.02511E+00 2.17676E+00
1.02603E+00 2.17182E+00
1.02695E+00 2.16614E+00
1.02787E+00 2.15976E+00
1.02878E+00 2.15272E+00
1.02970E+00 2.14506E+00
1.03061E+00 2.13682E+00
1.03154E+00 2.12804E+00
1.03245E+00 2.11877E+00
1.03337E+00 2.10904E+00
1.03428E+00 2.09892E+00
1.03520E+00 2.08843E+00
1.03612E+00 2.07763E+00
1.03704E+00 2.06655E+00
1.03795E+00 2.05525E+00
1.03887E+00 2.04377E+00
1.03978E+00 2.03214E+00
1.04071E+00 2.02041E+00
1.04162E+00 2.00862E+00
1.04254E+00 1.99681E+00
1.04345E+00 1.98501E+00
1.04437E+00 1.97326E+00
1.04529E+00 1.96159E+00
1.04620E+00 1.95003E+00
1.04712E+00 1.93861E+00
1.04803E+00 1.92735E+00
1.04895E+00 1.91628E+00
1.04987E+00 1.90542E+00
1.05079E+00 1.89480E+00
1.05170E+00 1.88443E+00
1.05262E+00 1.87432E+00
1.05353E+00 1.86449E+00
1.05445E+00 1.85495E+00
1.05537E+00 1.84572E+00
1.05629E+00 1.83679E+00
1.05720E+00 1.82818E+00
1.05812E+00 1.81989E+00
1.05903E+00 1.81193E+00
1.05996E+00 1.80430E+00
1.06087E+00 1.79699E+00
1.06179E+00 1.79002E+00
1.06270E+00 1.78337E+00
1.06362E+00 1.77705E+00
1.06454E+00 1.77106E+00
1.06546E+00 1.76539E+00
1.06637E+00 1.76004E+00
1.06729E+00 1.75500E+00
1.06820E+00 1.75028E+00
1.06913E+00 1.74586E+00
1.07004E+00 1.74175E+00
1.07096E+00 1.73794E+00
1.07187E+00 1.73442E+00
1.07279E+00 1.73119E+00
1.07371E+00 1.72824E+00
1.07463E+00 1.72558E+00
1.07554E+00 1.72319E+00
1.07646E+00 1.72108E+00
1.07737E+00 1.71923E+00
1.07830E+00 1.71764E+00
1.07921E+00 1.71632E+00
1.08013E+00 1.71524E+00
1.08104E+00 1.71441E+00
1.08196E+00 1.71383E+00
1.08288E+00 1.71348E+00
1.08380E+00 1.71337E+00
1.08471E+00 1.71348E+00
1.08563E+00 1.71381E+00
1.08654E+00 1.71436E+00
1.08747E+00 1.71511E+00
1.08838E+00 1.71606E+00
1.08930E+00 1.71720E+00
1.09021E+00 1.71853E+00
1.09113E+00 1.72003E+00
1.09204E+00 1.72170E+00
1.09297E+00 1.72352E+00
1.09388E+00 1.72548E+00
1.09480E+00 1.72758E+00
1.09571E+00 1.72981E+00
1.09663E+00 1.73214E+00
1.09755E+00 1.73458E+00
1.09847E+00 1.73710E+00
1.09938E+00 1.73969E+00
1.10030E+00 1.74235E+00
1.10121E+00 1.74505E+00
1.10214E+00 1.74780E+00
1.10305E+00 1.75056E+00
1.10397E+00 1.75334E+00
1.10488E+00 1.75611E+00
1.10580E+00 1.75886E+00
1.10672E+00 1.76159E+00
1.10764E+00 1.76428E+00
1.10855E+00 1.76692E+00
1.10947E+00 1.76950E+00
1.11038E+00 1.77200E+00
1.11131E+00 1.77442E+00
1.11222E+00 1.77675E+00
1.11314E+00 1.77898E+00
1.11405E+00 1.78110E+00
1.11497E+00 1.78311E+00
1.11589E+00 1.78500E+00
1.11681E+00 1.78676E+00
1.11772E+00 1.78839E+00
1.11864E+00 1.78989E+00
1.11955E+00 1.79125E+00
1.12048E+00 1.79247E+00
1.12139E+00 1.79354E+00
1.12231E+00 1.79448E+00
1.12322E+00 1.79527E+00
1.12414E+00 1.79592E+00
1.12506E+00 1.79643E+00
1.12598E+00 1.79680E+00
1.12689E+00 1.79704E+00
1.12781E+00 1.79714E+00
1.12872E+00 1.79710E+00
1.12964E+00 1.79694E+00
1.13056E+00 1.79664E+00
1.13148E+00 1.79623E+00
1.13239E+00 1.79569E+00
1.13331E+00 1.79503E+00
1.13422E+00 1.79426E+00
1.13515E+00 1.79338E+00
1.13606E+00 1.79238E+00
1.13698E+00 1.79128E+00
1.13789E+00 1.79007E+00
1.13881E+00 1.78876E+00
1.13973E+00 1.78735E+00
1.14065E+00 1.78584E+00
1.14156E+00 1.78423E+00
1.14248E+00 1.78252E+00
1.14339E+00 1.78071E+00
1.14432E+00 1.77880E+00
1.14523E+00 1.77679E+00
1.14615E+00 1.77469E+00
1.14706E+00 1.77248E+00
1.14798E+00 1.77017E+00
1.14890E+00 1.76775E+00
1.14982E+00 1.76524E+00
1.15073E+00 1.76261E+00
1.15165E+00 1.75988E+00
1.15256E+00 1.75703E+00
1.15349E+00 1.75408E+00
1.15440E+00 1.75100E+00
1.15532E+00 1.74782E+00
1.15623E+00 1.74451E+00
1.15715E+00 1.74109E+00
1.15807E+00 1.73755E+00
1.15899E+00 1.73388E+00
1.15990E+00 1.73009E+00
1.16082E+00 1.72618E+00
1.16173E+00 1.72214E+00
1.16266E+00 1.71798E+00
1.16357E+00 1.71369E+00
1.16449E+00 1.70928E+00
1.16540E+00 1.70475E+00
1.16632E+00 1.70009E+00
1.16723E+00 1.69531E+00
1.16816E+00 1.69041E+00
1.16907E+00 1.68539E+00
1.16999E+00 1.68025E+00
1.17090E+00 1.67499E+00
1.17182E+00 1.66962E+00
1.17274E+00 1.66413E+00
1.17366E+00 1.65853E+00
1.17457E+00 1.65282E+00
1.17549E+00 1.64700E+00
1.17640E+00 1.64108E+00
1.17732E+00 1.63505E+00
1.17824E+00 1.62891E+00
1.17915E+00 1.62267E+00
1.18007E+00 1.61633E+00
1.18099E+00 1.60989E+00
1.18191E+00 1.60335E+00
1.18282E+00 1.59671E+00
1.18374E+00 1.58997E+00
1.18465E+00 1.58313E+00
1.18557E+00 1.57619E+00
1.18649E+00 1.56914E+00
1.18741E+00 1.56200E+00
1.18832E+00 1.55476E+00
1.18924E+00 1.54741E+00
1.19015E+00 1.53996E+00
1.19108E+00 1.53240E+00
1.19199E+00 1.52474E+00
1.19291E+00 1.51696E+00
1.19382E+00 1.50908E+00
1.19474E+00 1.50109E+00
1.19566E+00 1.49298E+00
1.19658E+00 1.48476E+00
1.19749E+00 1.47642E+00
1.19841E+00 1.46796E+00
1.19932E+00 1.45939E+00
1.20025E+00 1.45070E+00
1.20116E+00 1.44189E+00
1.20208E+00 1.43297E+00
1.20299E+00 1.42392E+00
1.20391E+00 1.41475E+00
1.20482E+00 1.40547E+00
1.20575E+00 1.39607E+00
1.20666E+00 1.38655E+00
1.20758E+00 1.37693E+00
1.20849E+00 1.36719E+00
1.20941E+00 1.35734E+00
1.21033E+00 1.34739E+00
1.21125E+00 1.33734E+00
1.21216E+00 1.32719E+00
1.21308E+00 1.31695E+00
1.21399E+00 1.30661E+00
1.21492E+00 1.29620E+00
1.21583E+00 1.28571E+00
1.21675E+00 1.27514E+00
1.21766E+00 1.26451E+00
1.21858E+00 1.25382E+00
1.21950E+00 1.24307E+00
1.22042E+00 1.23227E+00
1.22133E+00 1.22144E+00
1.22225E+00 1.21057E+00
1.22316E+00 1.19967E+00
1.22409E+00 1.18876E+00
1.22500E+00 1.17783E+00
1.22592E+00 1.16690E+00
1.22683E+00 1.15598E+00
1.22775E+00 1.14506E+00
1.22867E+00 1.13417E+00
1.22959E+00 1.12330E+00
1.23050E+00 1.11247E+00
1.23142E+00 1.10169E+00
1.23233E+00 1.09095E+00
1.23326E+00 1.08028E+00
1.23417E+00 1.06969E+00
1.23509E+00 1.05917E+00
1.23600E+00 1.04874E+00
1.23692E+00 1.03841E+00
1.23784E+00 1.02819E+00
1.23876E+00 1.01809E+00
1.23967E+00 1.00812E+00
1.24059E+00 9.98292E-01
1.24150E+00 9.88612E-01
1.24242E+00 9.79094E-01
1.24334E+00 9.69750E-01
1.24426E+00 9.60589E-01
1.24517E+00 9.51625E-01
1.24609E+00 9.42868E-01
1.24700E+00 9.34331E-01
1.24793E+00 9.26026E-01
1.24884E+00 9.17965E-01
1.24976E+00 9.10160E-01
1.25067E+00 9.02623E-01
1.25159E+00 8.95367E-01
1.25251E+00 8.88402E-01
1.25343E+00 8.81742E-01
1.25434E+00 8.75396E-01
1.25526E+00 8.69377E-01
1.25617E+00 8.63696E-01
1.25710E+00 8.58361E-01
1.25801E+00 8.53383E-01
1.25893E+00 8.48771E-01
1.25984E+00 8.44533E-01
1.26076E+00 8.40676E-01
1.26168E+00 8.37207E-01
1.26260E+00 8.34131E-01
1.26351E+00 8.31452E-01
1.26443E+00 8.29174E-01
1.26534E+00 8.27300E-01
1.26627E+00 8.25829E-01
1.26718E+00 8.24761E-01
1.26810E+00 8.24095E-01
1.26901E+00 8.23828E-01
1.26993E+00 8.23956E-01
1.27085E+00 8.24472E-01
1.27177E+00 8.25370E-01
1.27268E+00 8.26641E-01
1.27360E+00 8.28276E-01
1.27451E+00 8.30263E-01
1.27544E+00 8.32591E-01
1.27635E+00 8.35245E-01
1.27727E+00 8.38213E-01
1.27818E+00 8.41477E-01
1.27910E+00 8.45021E-01
1.28001E+00 8.48829E-01
1.28094E+00 8.52881E-01
1.28185E+00 8.57160E-01
1.28277E+00 8.61645E-01
1.28368E+00 8.66318E-01
1.28460E+00 8.71158E-01
1.28552E+00 8.76145E-01
1.28644E+00 8.81259E-01
1.28735E+00 8.86479E-01
1.28827E+00 8.91786E-01
1.28918E+00 8.97159E-01
1.29011E+00 9.02580E-01
1.29102E+00 9.08030E-01
1.29194E+00 9.13491E-01
1.29285E+00 9.18944E-01
1.29377E+00 9.24375E-01
1.29469E+00 9.29766E-01
1.29561E+00 9.35104E-01
1.29652E+00 9.40375E-01
1.29744E+00 9.45565E-01
1.29835E+00 9.50663E-01
1.29928E+00 9.55660E-01
1.30019E+00 9.60545E-01
1.30111E+00 9.65311E-01
1.30202E+00 9.69950E-01
1.30294E+00 9.74457E-01
1.30386E+00 9.78827E-01
1.30478E+00 9.83057E-01
1.30569E+00 9.87143E-01
1.30661E+00 9.91084E-01
1.30752E+00 9.94879E-01
1.30844E+00 9.98528E-01
1.30936E+00 1.00203E+00
1.31027E+00 1.00539E+00
1.31119E+00 1.00861E+00
1.31210E+00 1.01169E+00
1.31303E+00 1.01464E+00
1.31394E+00 1.01745E+00
1.31486E+00 1.02013E+00
1.31577E+00 1.02269E+00
1.31669E+00 1.02512E+00
1.31760E+00 1.02744E+00
1.31853E+00 1.02965E+00
1.31944E+00 1.03174E+00
1.32036E+00 1.03373E+00
1.32127E+00 1.03562E+00
1.32219E+00 1.03740E+00
1.32311E+00 1.03909E+00
1.32403E+00 1.04068E+00
1.32494E+00 1.04219E+00
1.32586E+00 1.04360E+00
1.32677E+00 1.04492E+00
1.32770E+00 1.04615E+00
1.32861E+00 1.04729E+00
1.32953E+00 1.04834E+00
1.33044E+00 1.04931E+00
1.33136E+00 1.05019E+00
1.33228E+00 1.05098E+00
1.33320E+00 1.05168E+00
1.33411E+00 1.05228E+00
1.33503E+00 1.05280E+00
1.33594E+00 1.05322E+00
1.33687E+00 1.05354E+00
1.33778E+00 1.05377E+00
1.33870E+00 1.05389E+00
1.33961E+00 1.05392E+00
1.34053E+00 1.05385E+00
1.34145E+00 1.05367E+00
1.34237E+00 1.05339E+00
1.34328E+00 1.05300E+00
1.34420E+00 1.05251E+00
1.34511E+00 1.05192E+00
1.34604E+00 1.05122E+00
1.34695E+00 1.05041E+00
1.34787E+00 1.04950E+00
1.34878E+00 1.04849E+00
1.34970E+00 1.04738E+00
1.35062E+00 1.04616E+00
1.35154E+00 1.04485E+00
1.35245E+00 1.04345E+00
1.35337E+00 1.04195E+00
1.35428E+00 1.04036E+00
1.35520E+00 1.03869E+00
1.35612E+00 1.03693E+00
1.35704E+00 1.03509E+00
1.35795E+00 1.03317E+00
1.35887E+00 1.03118E+00
1.35978E+00 1.02912E+00
1.36071E+00 1.02699E+00
1.36162E+00 1.02480E+00
1.36254E+00 1.02256E+00
1.36345E+00 1.02025E+00
1.36437E+00 1.01790E+00
1.36529E+00 1.01549E+00
1.36621E+00 1.01304E+00
1.36712E+00 1.01054E+00
1.36804E+00 1.00800E+00
1.36895E+00 1.00542E+00
1.36988E+00 1.00280E+00
1.37079E+00 1.00015E+00
1.37171E+00 9.97457E-01
1.37262E+00 9.94733E-01
1.37354E+00 9.91976E-01
1.37446E+00 9.89187E-01
1.37538E+00 9.86364E-01
1.37629E+00 9.83510E-01
1.37721E+00 9.80623E-01
1.37812E+00 9.77703E-01
1.37905E+00 9.74749E-01
1.37996E+00 9.71763E-01
1.38088E+00 9.68741E-01
1.38179E+00 9.65685E-01
1.38271E+00 9.62594E-01
1.38363E+00 9.59466E-01
1.38455E+00 9.56302E-01
1.38546E+00 9.53101E-01
1.38638E+00 9.49862E-01
1.38729E+00 9.46586E-01
1.38822E+00 9.43272E-01
1.38913E+00 9.39921E-01
1.39005E+00 9.36533E-01
1.39096E+00 9.33108E-01
1.39188E+00 9.29648E-01
1.39280E+00 9.26153E-01
1.39372E+00 9.22624E-01
1.39463E+00 9.19064E-01
1.39555E+00 9.15473E-01
1.39646E+00 9.11854E-01
1.39738E+00 9.08210E-01
1.39830E+00 9.04541E-01
1.39922E+00 9.00851E-01
1.40013E+00 8.97143E-01
1.40105E+00 8.93419E-01
1.40196E+00 8.89682E-01
1.40289E+00 8.85935E-01
1.40380E+00 8.82182E-01
1.40472E+00 8.78424E-01
1.40563E+00 8.74665E-01
1.40655E+00 8.70909E-01
1.40747E+00 8.67158E-01
1.40839E+00 8.63414E-01
1.40930E+00 8.59682E-01
1.41022E+00 8.55962E-01
1.41113E+00 8.52258E-01
1.41206E+00 8.48572E-01
1.41297E+00 8.44905E-01
1.41389E+00 8.41261E-01
1.41480E+00 8.37640E-01
1.41572E+00 8.34044E-01
1.41664E+00 8.30474E-01
1.41756E+00 8.26931E-01
1.41847E+00 8.23416E-01
1.41939E+00 8.19930E-01
1.42030E+00 8.16473E-01
1.42123E+00 8.13046E-01
1.42214E+00 8.09649E-01
1.42306E+00 8.06281E-01
1.42397E+00 8.02943E-01
1.42489E+00 7.99635E-01
1.42581E+00 7.96356E-01
1.42673E+00 7.93106E-01
1.42764E+00 7.89885E-01
1.42856E+00 7.86692E-01
1.42947E+00 7.83528E-01
1.43040E+00 7.80391E-01
1.43131E+00 7.77283E-01
1.43223E+00 7.74202E-01
1.43314E+00 7.71149E-01
1.43406E+00 7.68124E-01
1.43497E+00 7.65127E-01
1.43590E+00 7.62159E-01
1.43681E+00 7.59220E-01
1.43773E+00 7.56310E-01
1.43864E+00 7.53431E-01
1.43956E+00 7.50583E-01
1.44048E+00 7.47767E-01
1.44139E+00 7.44985E-01
1.44231E+00 7.42237E-01
1.44322E+00 7.39524E-01
1.44414E+00 7.36849E-01
1.44506E+00 7.34212E-01
1.44598E+00 7.31615E-01
1.44689E+00 7.29060E-01
1.44781E+00 7.26546E-01
1.44872E+00 7.24077E-01
1.44965E+00 7.21653E-01
1.45056E+00 7.19275E-01
1.45148E+00 7.16944E-01
1.45239E+00 7.14662E-01
1.45331E+00 7.12429E-01
1.45423E+00 7.10246E-01
1.45515E+00 7.08113E-01
1.45606E+00 7.06031E-01
1.45698E+00 7.04000E-01
1.45789E+00 7.02019E-01
1.45882E+00 7.00089E-01
1.45973E+00 6.98208E-01
1.46065E+00 6.96377E-01
1.46156E+00 6.94594E-01
1.46248E+00 6.92858E-01
1.46340E+00 6.91169E-01
1.46432E+00 6.89525E-01
1.46523E+00 6.87923E-01
1.46615E+00 6.86364E-01
1.46706E+00 6.84844E-01
1.46799E+00 6.83363E-01
1.46890E+00 6.81918E-01
1.46982E+00 6.80508E-01
1.47073E+00 6.79131E-01
1.47165E+00 6.77784E-01
1.47256E+00 6.76466E-01
1.47349E+00 6.75175E-01
1.47440E+00 6.73910E-01
1.47532E+00 6.72669E-01
1.47623E+00 6.71451E-01
1.47715E+00 6.70253E-01
1.47807E+00 6.69076E-01
1.47899E+00 6.67918E-01
1.47990E+00 6.66778E-01
1.48082E+00 6.65656E-01
1.48173E+00 6.64551E-01
1.48266E+00 6.63463E-01
1.48357E+00 6.62391E-01
1.48449E+00 6.61337E-01
1.48540E+00 6.60299E-01
1.48632E+00 6.59279E-01
1.48724E+00 6.58277E-01
1.48816E+00 6.57294E-01
1.48907E+00 6.56330E-01
1.48999E+00 6.55386E-01
1.49090E+00 6.54463E-01
1.49183E+00 6.53562E-01
1.49274E+00 6.52684E-01
1.49366E+00 6.51830E-01
1.49457E+00 6.51001E-01
1.49549E+00 6.50197E-01
1.49641E+00 6.49420E-01
1.49733E+00 6.48670E-01
1.49824E+00 6.47948E-01
1.49916E+00 6.47254E-01
1.50007E+00 6.46589E-01
1.50100E+00 6.45953E-01
1.50191E+00 6.45345E-01
1.50283E+00 6.44766E-01
1.50374E+00 6.44215E-01
1.50466E+00 6.43693E-01
1.50558E+00 6.43197E-01
1.50650E+00 6.42728E-01
1.50741E+00 6.42285E-01
1.50833E+00 6.41866E-01
1.50924E+00 6.41469E-01
1.51016E+00 6.41095E-01
1.51108E+00 6.40741E-01
1.51200E+00 6.40406E-01
1.51291E+00 6.40087E-01
1.51383E+00 6.39784E-01
1.51474E+00 6.39495E-01
1.51567E+00 6.39217E-01
1.51658E+00 6.38950E-01
1.51750E+00 6.38692E-01
1.51841E+00 6.38440E-01
1.51933E+00 6.38194E-01
1.52025E+00 6.37952E-01
1.52117E+00 6.37712E-01
1.52208E+00 6.37474E-01
1.52300E+00 6.37237E-01
1.52391E+00 6.36999E-01
1.52484E+00 6.36760E-01
1.52575E+00 6.36519E-01
1.52667E+00 6.36277E-01
1.52758E+00 6.36031E-01
1.52850E+00 6.35784E-01
1.52942E+00 6.35534E-01
1.53034E+00 6.35281E-01
1.53125E+00 6.35027E-01
1.53217E+00 6.34771E-01
1.53308E+00 6.34515E-01
1.53401E+00 6.34258E-01
1.53492E+00 6.34002E-01
1.53584E+00 6.33747E-01
1.53675E+00 6.33495E-01
1.53767E+00 6.33245E-01
1.53859E+00 6.32999E-01
1.53951E+00 6.32758E-01
1.54042E+00 6.32522E-01
1.54134E+00 6.32292E-01
1.54225E+00 6.32068E-01
1.54318E+00 6.31852E-01
1.54409E+00 6.31643E-01
1.54501E+00 6.31442E-01
1.54592E+00 6.31249E-01
1.54684E+00 6.31063E-01
1.54775E+00 6.30886E-01
1.54868E+00 6.30715E-01
1.54959E+00 6.30551E-01
1.55051E+00 6.30394E-01
1.55142E+00 6.30241E-01
1.55234E+00 6.30094E-01
1.55326E+00 6.29950E-01
1.55418E+00 6.29808E-01
1.55509E+00 6.29667E-01
1.55601E+00 6.29527E-01
1.55692E+00 6.29385E-01
1.55785E+00 6.29240E-01
1.55876E+00 6.29090E-01
1.55968E+00 6.28935E-01
1.56059E+00 6.28773E-01
1.56151E+00 6.28603E-01
1.56243E+00 6.28423E-01
1.56335E+00 6.28232E-01
1.56426E+00 6.28030E-01
1.56518E+00 6.27814E-01
1.56609E+00 6.27585E-01
1.56701E+00 6.27341E-01
1.56793E+00 6.27082E-01
1.56885E+00 6.26808E-01
1.56976E+00 6.26519E-01
1.57068E+00 6.26214E-01
1.57160E+00 6.25894E-01
1.57251E+00 6.25559E-01
1.57343E+00 6.25209E-01
1.57434E+00 6.24846E-01
1.57526E+00 6.24469E-01
1.57618E+00 6.24081E-01
1.57710E+00 6.23681E-01
1.57801E+00 6.23271E-01
1.57893E+00 6.22853E-01
1.57984E+00 6.22428E-01
1.58077E+00 6.21996E-01
1.58168E+00 6.21560E-01
1.58260E+00 6.21121E-01
1.58351E+00 6.20680E-01
1.58443E+00 6.20238E-01
1.58534E+00 6.19797E-01
1.58627E+00 6.19358E-01
1.58718E+00 6.18922E-01
1.58810E+00 6.18490E-01
1.58901E+00 6.18063E-01
1.58993E+00 6.17641E-01
1.59085E+00 6.17225E-01
1.59177E+00 6.16816E-01
1.59268E+00 6.16414E-01
1.59360E+00 6.16018E-01
1.59451E+00 6.15628E-01
1.59544E+00 6.15245E-01
1.59635E+00 6.14868E-01
1.59727E+00 6.14496E-01
1.59818E+00 6.14129E-01
1.59910E+00 6.13765E-01
1.60002E+00 6.13405E-01
1.60094E+00 6.13046E-01
1.60185E+00 6.12688E-01
1.60277E+00 6.12329E-01
1.60368E+00 6.11969E-01
1.60461E+00 6.11606E-01
1.60552E+00 6.11240E-01
1.60644E+00 6.10868E-01
1.60735E+00 6.10489E-01
1.60827E+00 6.10104E-01
1.60919E+00 6.09711E-01
1.61011E+00 6.09308E-01
1.61102E+00 6.08896E-01
1.61194E+00 6.08474E-01
1.61285E+00 6.08042E-01
1.61378E+00 6.07598E-01
1.61469E+00 6.07144E-01
1.61561E+00 6.06678E-01
1.61652E+00 6.06203E-01
1.61744E+00 6.05717E-01
1.61836E+00 6.05221E-01
1.61928E+00 6.04716E-01
1.62019E+00 6.04204E-01
1.62111E+00 6.03684E-01
1.62202E+00 6.03158E-01
1.62294E+00 6.02628E-01
1.62386E+00 6.02094E-01
1.62478E+00 6.01557E-01
1.62569E+00 6.01020E-01
1.62661E+00 6.00483E-01
1.62752E+00 5.99948E-01
1.62845E+00 5.99415E-01
1.62936E+00 5.98888E-01
1.63028E+00 5.98365E-01
1.63119E+00 5.97850E-01
1.63211E+00 5.97342E-01
1.63303E+00 5.96843E-01
1.63395E+00 5.96353E-01
1.63486E+00 5.95873E-01
1.63578E+00 5.95404E-01
1.63669E+00 5.94945E-01
1.63762E+00 5.94497E-01
1.63853E+00 5.94060E-01
1.63945E+00 5.93634E-01
1.64036E+00 5.93218E-01
1.64128E+00 5.92812E-01
1.64220E+00 5.92415E-01
1.64312E+00 5.92027E-01
1.64403E+00 5.91646E-01
1.64495E+00 5.91272E-01
1.64586E+00 5.90903E-01
1.64679E+00 5.90539E-01
1.64770E+00 5.90178E-01
1.64862E+00 5.89819E-01
1.64953E+00 5.89461E-01
1.65045E+00 5.89103E-01
1.65137E+00 5.88743E-01
1.65229E+00 5.88381E-01
1.65320E+00 5.88016E-01
1.65412E+00 5.87646E-01
1.65503E+00 5.87271E-01
1.65596E+00 5.86891E-01
1.65687E+00 5.86504E-01
1.65779E+00 5.86111E-01
1.65870E+00 5.85712E-01
1.65962E+00 5.85306E-01
1.66053E+00 5.84893E-01
1.66146E+00 5.84474E-01
1.66237E+00 5.84050E-01
1.66329E+00 5.83620E-01
1.66420E+00 5.83187E-01
1.66512E+00 5.82750E-01
1.66604E+00 5.82310E-01
1.66696E+00 5.81870E-01
1.66787E+00 5.81429E-01
1.66879E+00 5.80990E-01
1.66970E+00 5.80553E-01
1.67063E+00 5.80119E-01
1.67154E+00 5.79691E-01
1.67246E+00 5.79269E-01
1.67337E+00 5.78855E-01
1.67429E+00 5.78449E-01
1.67521E+00 5.78053E-01
1.67613E+00 5.77668E-01
1.67704E+00 5.77294E-01
1.67796E+00 5.76932E-01
1.67887E+00 5.76582E-01
1.67980E+00 5.76245E-01
1.68071E+00 5.75921E-01
1.68163E+00 5.75610E-01
1.68254E+00 5.75312E-01
1.68346E+00 5.75026E-01
1.68438E+00 5.74751E-01
1.68530E+00 5.74487E-01
1.68621E+00 5.74233E-01
1.68713E+00 5.73987E-01
1.68804E+00 5.73748E-01
1.68897E+00 5.73516E-01
1.68988E+00 5.73288E-01
1.69080E+00 5.73063E-01
1.69171E+00 5.72839E-01
1.69263E+00 5.72614E-01
1.69355E+00 5.72387E-01
1.69447E+00 5.72156E-01
1.69538E+00 5.71919E-01
1.69630E+00 5.71675E-01
1.69721E+00 5.71423E-01
1.69813E+00 5.71159E-01
1.69905E+00 5.70884E-01
1.69997E+00 5.70597E-01
1.70088E+00 5.70295E-01
1.70180E+00 5.69978E-01
1.70271E+00 5.69645E-01
1.70363E+00 5.69297E-01
1.70455E+00 5.68932E-01
1.70546E+00 5.68550E-01
1.70638E+00 5.68151E-01
1.70729E+00 5.67735E-01
1.70822E+00 5.67303E-01
1.70913E+00 5.66856E-01
1.71005E+00 5.66393E-01
1.71096E+00 5.65916E-01
1.71188E+00 5.65425E-01
1.71280E+00 5.64922E-01
1.71372E+00 5.64407E-01
1.71463E+00 5.63882E-01
1.71555E+00 5.63348E-01
1.71646E+00 5.62805E-01
1.71739E+00 5.62255E-01
1.71830E+00 5.61699E-01
1.71922E+00 5.61138E-01
1.72013E+00 5.60572E-01
1.72105E+00 5.60003E-01
1.72197E+00 5.59431E-01
1.72289E+00 5.58856E-01
1.72380E+00 5.58279E-01
1.72472E+00 5.57700E-01
1.72563E+00 5.57118E-01
1.72656E+00 5.56534E-01
1.72747E+00 5.55947E-01
1.72839E+00 5.55357E-01
1.72930E+00 5.54761E-01
1.73022E+00 5.54161E-01
1.73114E+00 5.53554E-01
1.73206E+00 5.52939E-01
1.73297E+00 5.52314E-01
1.73389E+00 5.51679E-01
1.73480E+00 5.51031E-01
1.73573E+00 5.50368E-01
1.73664E+00 5.49689E-01
1.73756E+00 5.48993E-01
1.73847E+00 5.48276E-01
1.73939E+00 5.47538E-01
1.74030E+00 5.46776E-01
1.74123E+00 5.45990E-01
1.74214E+00 5.45177E-01
1.74306E+00 5.44336E-01
1.74397E+00 5.43466E-01
1.74489E+00 5.42565E-01
1.74581E+00 5.41633E-01
1.74673E+00 5.40669E-01
1.74764E+00 5.39672E-01
1.74856E+00 5.38642E-01
1.74947E+00 5.37578E-01
1.75040E+00 5.36482E-01
1.75131E+00 5.35352E-01
1.75223E+00 5.34190E-01
1.75314E+00 5.32996E-01
1.75406E+00 5.31770E-01
1.75498E+00 5.30514E-01
1.75590E+00 5.29229E-01
1.75681E+00 5.27915E-01
1.75773E+00 5.26574E-01
1.75864E+00 5.25207E-01
1.75957E+00 5.23814E-01
1.76048E+00 5.22399E-01
1.76140E+00 5.20961E-01
1.76231E+00 5.19501E-01
1.76323E+00 5.18021E-01
1.76415E+00 5.16521E-01
1.76507E+00 5.15003E-01
1.76598E+00 5.13466E-01
1.76690E+00 5.11911E-01
1.76781E+00 5.10339E-01
1.76874E+00 5.08749E-01
1.76965E+00 5.07141E-01
1.77057E+00 5.05514E-01
1.77148E+00 5.03868E-01
1.77240E+00 5.02203E-01
1.77332E+00 5.00516E-01
1.77424E+00 4.98806E-01
1.77515E+00 4.97073E-01
1.77607E+00 4.95315E-01
1.77698E+00 4.93529E-01
1.77790E+00 4.91714E-01
1.77882E+00 4.89869E-01
1.77974E+00 4.87991E-01
1.78065E+00 4.86078E-01
1.78157E+00 4.84130E-01
1.78248E+00 4.82144E-01
1.78341E+00 4.80118E-01
1.78432E+00 4.78053E-01
1.78524E+00 4.75946E-01
1.78615E+00 4.73797E-01
1.78707E+00 4.71606E-01
1.78799E+00 4.69373E-01
1.78891E+00 4.67098E-01
1.78982E+00 4.64782E-01
1.79074E+00 4.62428E-01
1.79165E+00 4.60037E-01
1.79258E+00 4.57611E-01
1.79349E+00 4.55154E-01
1.79441E+00 4.52669E-01
1.79532E+00 4.50162E-01
1.79624E+00 4.47636E-01
1.79716E+00 4.45097E-01
1.79808E+00 4.42552E-01
1.79899E+00 4.40008E-01
1.79991E+00 4.37471E-01
1.80082E+00 4.34949E-01
1.80175E+00 4.32451E-01
1.80266E+00 4.29985E-01
1.80358E+00 4.27561E-01
1.80449E+00 4.25189E-01
1.80541E+00 4.22878E-01
1.80633E+00 4.20638E-01
1.80725E+00 4.18481E-01
1.80816E+00 4.16416E-01
1.80908E+00 4.14455E-01
1.80999E+00 4.12609E-01
1.81092E+00 4.10889E-01
1.81183E+00 4.09305E-01
1.81275E+00 4.07870E-01
1.81366E+00 4.06592E-01
1.81458E+00 4.05484E-01
1.81549E+00 4.04556E-01
1.81642E+00 4.03819E-01
1.81733E+00 4.03281E-01
1.81825E+00 4.02953E-01
1.81916E+00 4.02845E-01
1.82008E+00 4.02965E-01
1.82100E+00 4.03323E-01
1.82192E+00 4.03926E-01
1.82283E+00 4.04782E-01
1.82375E+00 4.05900E-01
1.82466E+00 4.07286E-01
1.82559E+00 4.08947E-01
1.82650E+00 4.10889E-01
1.82742E+00 4.13119E-01
1.82833E+00 4.15642E-01
1.82925E+00 4.18463E-01
1.83017E+00 4.21587E-01
1.83108E+00 4.25019E-01
1.83200E+00 4.32824E-01
1.83292E+00 4.37204E-01
1.83383E+00 4.41908E-01
1.83475E+00 4.46938E-01
1.83567E+00 4.52298E-01
1.83658E+00 4.57990E-01
1.83750E+00 4.64016E-01
1.83841E+00 4.70381E-01
1.83934E+00 4.77084E-01
1.84025E+00 4.84129E-01
1.84117E+00 4.91517E-01
1.84208E+00 4.99251E-01
1.84300E+00 5.07331E-01
1.84392E+00 5.15758E-01
1.84484E+00 5.24535E-01
1.84575E+00 5.33661E-01
1.84667E+00 5.43138E-01
1.84758E+00 5.52966E-01
1.84851E+00 5.63145E-01
1.84942E+00 5.73676E-01
1.85034E+00 5.84558E-01
1.85125E+00 5.95791E-01
1.85217E+00 6.07374E-01
1.85308E+00 6.19307E-01
1.85401E+00 6.31587E-01
1.85492E+00 6.44214E-01
1.85584E+00 6.57185E-01
1.85675E+00 6.70499E-01
1.85767E+00 6.84153E-01
1.85859E+00 6.98144E-01
1.85951E+00 7.12469E-01
1.86042E+00 7.27126E-01
1.86134E+00 7.42110E-01
1.86225E+00 7.57419E-01
1.86318E+00 7.73047E-01
1.86409E+00 7.88990E-01
1.86501E+00 8.05246E-01
1.86592E+00 8.21807E-01
1.86684E+00 8.38671E-01
1.86776E+00 8.55832E-01
1.86868E+00 8.73286E-01
1.86959E+00 8.91027E-01
1.87051E+00 9.09050E-01
1.87142E+00 9.27351E-01
1.87235E+00 9.45924E-01
1.87326E+00 9.64765E-01
1.87418E+00 9.83867E-01
1.87509E+00 1.00323E+00
1.87601E+00 1.02284E+00
1.87693E+00 1.04270E+00
1.87785E+00 1.06280E+00
1.87876E+00 1.08314E+00
1.87968E+00 1.10371E+00
1.88059E+00 1.12451E+00
1.88152E+00 1.14554E+00
1.88243E+00 1.16677E+00
1.88335E+00 1.18823E+00
1.88426E+00 1.20988E+00
1.88518E+00 1.23174E+00
1.88610E+00 1.25379E+00
1.88702E+00 1.27602E+00
1.88793E+00 1.29844E+00
1.88885E+00 1.32103E+00
1.88976E+00 1.34377E+00
1.89068E+00 1.36667E+00
1.89160E+00 1.38972E+00
1.89252E+00 1.41289E+00
1.89343E+00 1.43618E+00
1.89435E+00 1.45958E+00
1.89526E+00 1.48307E+00
1.89619E+00 1.50663E+00
1.89710E+00 1.53024E+00
1.89802E+00 1.55390E+00
1.89893E+00 1.57756E+00
1.89985E+00 1.60123E+00
1.90077E+00 1.62487E+00
1.90169E+00 1.64845E+00
1.90260E+00 1.67195E+00
1.90352E+00 1.69535E+00
1.90443E+00 1.71861E+00
1.90536E+00 1.74170E+00
1.90627E+00 1.76459E+00
1.90719E+00 1.78725E+00
1.90810E+00 1.80965E+00
1.90902E+00 1.83174E+00
1.90994E+00 1.85349E+00
1.91086E+00 1.87487E+00
1.91177E+00 1.89583E+00
1.91269E+00 1.91635E+00
1.91360E+00 1.93637E+00
1.91453E+00 1.95587E+00
1.91544E+00 1.97481E+00
1.91636E+00 1.99314E+00
1.91727E+00 2.01083E+00
1.91819E+00 2.02785E+00
1.91911E+00 2.04416E+00
1.92003E+00 2.05973E+00
1.92094E+00 2.07453E+00
1.92186E+00 2.08852E+00
1.92277E+00 2.10168E+00
1.92370E+00 2.11398E+00
1.92461E+00 2.12540E+00
1.92553E+00 2.13592E+00
1.92644E+00 2.14553E+00
1.92736E+00 2.15419E+00
1.92827E+00 2.16191E+00
1.92920E+00 2.16868E+00
1.93011E+00 2.17449E+00
1.93103E+00 2.17933E+00
1.93194E+00 2.18322E+00
1.93286E+00 2.18614E+00
1.93378E+00 2.18812E+00
1.93470E+00 2.18916E+00
1.93561E+00 2.18928E+00
1.93653E+00 2.18849E+00
1.93744E+00 2.18682E+00
1.93837E+00 2.18429E+00
1.93928E+00 2.18092E+00
1.94020E+00 2.17676E+00
1.94111E+00 2.17182E+00
1.94203E+00 2.16614E+00
1.94295E+00 2.15976E+00
1.94387E+00 2.15272E+00
1.94478E+00 2.14506E+00
1.94570E+00 2.13682E+00
1.94661E+00 2.12804E+00
1.94754E+00 2.11877E+00
1.94845E+00 2.10904E+00
1.94937E+00 2.09892E+00
1.95028E+00 2.08843E+00
1.95120E+00 2.07763E+00
1.95212E+00 2.06655E+00
1.95304E+00 2.05525E+00
1.95395E+00 2.04377E+00
1.95487E+00 2.03214E+00
1.95578E+00 2.02041E+00
1.95671E+00 2.00862E+00
1.95762E+00 1.99681E+00
1.95854E+00 1.98501E+00
1.95945E+00 1.97326E+00
1.96037E+00 1.96159E+00
1.96129E+00 1.95003E+00
1.96220E+00 1.93861E+00
1.96312E+00 1.92735E+00
1.96403E+00 1.91628E+00
1.96495E+00 1.90542E+00
1.96587E+00 1.89480E+00
1.96679E+00 1.88443E+00
1.96770E+00 1.87432E+00
1.96862E+00 1.86449E+00
1.96953E+00 1.85495E+00
1.97045E+00 1.84572E+00
1.97137E+00 1.83679E+00
1.97229E+00 1.82818E+00
1.97320E+00 1.81989E+00
1.97412E+00 1.81193E+00
1.97503E+00 1.80430E+00
1.97596E+00 1.79699E+00
1.97687E+00 1.79002E+00
1.97779E+00 1.78337E+00
1.97870E+00 1.77705E+00
1.97962E+00 1.77106E+00
1.98054E+00 1.76539E+00
1.98146E+00 1.76004E+00
1.98237E+00 1.75500E+00
1.98329E+00 1.75028E+00
1.98420E+00 1.74586E+00
1.98513E+00 1.74175E+00
1.98604E+00 1.73794E+00
1.98696E+00 1.73442E+00
1.98787E+00 1.73119E+00
1.98879E+00 1.72824E+00
1.98971E+00 1.72558E+00
1.99063E+00 1.72319E+00
1.99154E+00 1.72108E+00
1.99246E+00 1.71923E+00
1.99337E+00 1.71764E+00
1.99430E+00 1.71632E+00
1.99521E+00 1.71524E+00
1.99613E+00 1.71441E+00
1.99704E+00 1.71383E+00
1.99796E+00 1.71348E+00
1.99888E+00 1.71337E+00
1.99980E+00 1.71348E+00
2.00071E+00 1.71381E+00
2.00163E+00 1.71436E+00
2.00254E+00 1.71511E+00
2.00347E+00 1.71606E+00
2.00438E+00 1.71720E+00
2.00530E+00 1.71853E+00
2.00621E+00 1.72003E+00
2.00713E+00 1.72170E+00
2.00804E+00 1.72352E+00
2.00897E+00 1.72548E+00
2.00988E+00 1.72758E+00
2.01080E+00 1.72981E+00
2.01171E+00 1.73214E+00
2.01263E+00 1.73458E+00
2.01355E+00 1.73710E+00
2.01447E+00 1.73969E+00
2.01538E+00 1.74235E+00
2.01630E+00 1.74505E+00
2.01721E+00 1.74780E+00
2.01814E+00 1.75056E+00
2.01905E+00 1.75334E+00
2.01997E+00 1.75611E+00
2.02088E+00 1.75886E+00
2.02180E+00 1.76159E+00
2.02272E+00 1.76428E+00
2.02364E+00 1.76692E+00
2.02455E+00 1.76950E+00
2.02547E+00 1.77200E+00
2.02638E+00 1.77442E+00
2.02731E+00 1.77675E+00
2.02822E+00 1.77898E+00
2.02914E+00 1.78110E+00
2.03005E+00 1.78311E+00
2.03097E+00 1.78500E+00
2.03189E+00 1.78676E+00
2.03281E+00 1.78839E+00
2.03372E+00 1.78989E+00
2.03464E+00 1.79125E+00
2.03555E+00 1.79247E+00
2.03648E+00 1.79354E+00
2.03739E+00 1.79448E+00
2.03831E+00 1.79527E+00
2.03922E+00 1.79592E+00
2.04014E+00 1.79643E+00
2.04106E+00 1.79680E+00
2.04198E+00 1.79704E+00
2.04289E+00 1.79714E+00
2.04381E+00 1.79710E+00
2.04472E+00 1.79694E+00
2.04564E+00 1.79664E+00
2.04656E+00 1.79623E+00
2.04748E+00 1.79569E+00
2.04839E+00 1.79503E+00
2.04931E+00 1.79426E+00
2.05022E+00 1.79338E+00
2.05115E+00 1.79238E+00
2.05206E+00 1.79128E+00
2.05298E+00 1.79007E+00
2.05389E+00 1.78876E+00
2.05481E+00 1.78735E+00
2.05573E+00 1.78584E+00
2.05665E+00 1.78423E+00
2.05756E+00 1.78252E+00
2.05848E+00 1.78071E+00
2.05939E+00 1.77880E+00
2.06032E+00 1.77679E+00
2.06123E+00 1.77469E+00
2.06215E+00 1.77248E+00
2.06306E+00 1.77017E+00
2.06398E+00 1.76775E+00
2.06490E+00 1.76524E+00
2.06582E+00 1.76261E+00
2.06673E+00 1.75988E+00
2.06765E+00 1.75703E+00
2.06856E+00 1.75408E+00
2.06949E+00 1.75100E+00
2.07040E+00 1.74782E+00
2.07132E+00 1.74451E+00
2.07223E+00 1.74109E+00
2.07315E+00 1.73755E+00
2.07407E+00 1.73388E+00
2.07499E+00 1.73009E+00
2.07590E+00 1.72618E+00
2.07682E+00 1.72214E+00
2.07773E+00 1.71798E+00
2.07866E+00 1.71369E+00
2.07957E+00 1.70928E+00
2.08049E+00 1.70475E+00
2.08140E+00 1.70009E+00
2.08232E+00 1.69531E+00
2.08323E+00 1.69041E+00
2.08416E+00 1.68539E+00
2.08507E+00 1.68025E+00
2.08599E+00 1.67499E+00
2.08690E+00 1.66962E+00
2.08782E+00 1.66413E+00
2.08874E+00 1.65853E+00
2.08966E+00 1.65282E+00
2.09057E+00 1.64700E+00
2.09149E+00 1.64108E+00
2.09240E+00 1.63505E+00
2.09332E+00 1.62891E+00
2.09424E+00 1.62267E+00
2.09515E+00 1.61633E+00
2.09607E+00 1.60989E+00
2.09699E+00 1.60335E+00
2.09791E+00 1.59671E+00
2.09882E+00 1.58997E+00
2.09974E+00 1.58313E+00
2.10065E+00 1.57619E+00
2.10157E+00 1.56914E+00
2.10249E+00 1.56200E+00
2.10341E+00 1.55476E+00
2.10432E+00 1.54741E+00
2.10524E+00 1.53996E+00
2.10615E+00 1.53240E+00
2.10708E+00 1.52474E+00
2.10799E+00 1.51696E+00
2.10891E+00 1.50908E+00
2.10982E+00 1.50109E+00
2.11074E+00 1.49298E+00
2.11166E+00 1.48476E+00
2.11258E+00 1.47642E+00
2.11349E+00 1.46796E+00
2.11441E+00 1.45939E+00
2.11532E+00 1.45070E+00
2.11625E+00 1.44189E+00
2.11716E+00 1.43297E+00
2.11808E+00 1.42392E+00
2.11899E+00 1.41475E+00
2.11991E+00 1.40547E+00
2.12082E+00 1.39607E+00
2.12175E+00 1.38655E+00
2.12266E+00 1.37693E+00
2.12358E+00 1.36719E+00
2.12449E+00 1.35734E+00
2.12541E+00 1.34739E+00
2.12633E+00 1.33734E+00
2.12725E+00 1.32719E+00
2.12816E+00 1.31695E+00
2.12908E+00 1.30661E+00
2.12999E+00 1.29620E+00
2.13092E+00 1.28571E+00
2.13183E+00 1.27514E+00
2.13275E+00 1.26451E+00
2.13366E+00 1.25382E+00
2.13458E+00 1.24307E+00
2.13550E+00 1.23227E+00
2.13642E+00 1.22144E+00
2.13733E+00 1.21057E+00
2.13825E+00 1.19967E+00
2.13916E+00 1.18876E+00
2.14009E+00 1.17783E+00
2.14100E+00 1.16690E+00
2.14192E+00 1.15598E+00
2.14283E+00 1.14506E+00
2.14375E+00 1.13417E+00
2.14467E+00 1.12330E+00
2.14559E+00 1.11247E+00
2.14650E+00 1.10169E+00
2.14742E+00 1.09095E+00
2.14833E+00 1.08028E+00
2.14926E+00 1.06969E+00
2.15017E+00 1.05917E+00
2.15109E+00 1.04874E+00
2.15200E+00 1.03841E+00
2.15292E+00 1.02819E+00
2.15384E+00 1.01809E+00
2.15476E+00 1.00812E+00
2.15567E+00 9.98292E-01
2.15659E+00 9.88612E-01
2.15750E+00 9.79094E-01
2.15842E+00 9.69750E-01
2.15934E+00 9.60589E-01
2.16026E+00 9.51625E-01
2.16117E+00 9.42868E-01
2.16209E+00 9.34331E-01
2.16300E+00 9.26026E-01
2.16393E+00 9.17965E-01
2.16484E+00 9.10160E-01
2.16576E+00 9.02623E-01
2.16667E+00 8.95367E-01
2.16759E+00 8.88402E-01
2.16851E+00 8.81742E-01
2.16943E+00 8.75396E-01
2.17034E+00 8.69377E-01
2.17126E+00 8.63696E-01
2.17217E+00 8.58361E-01
2.17310E+00 8.53383E-01
2.17401E+00 8.48771E-01
2.17493E+00 8.44533E-01
2.17584E+00 8.40676E-01
2.17676E+00 8.37207E-01
2.17768E+00 8.34131E-01
2.17860E+00 8.31452E-01
2.17951E+00 8.29174E-01
2.18043E+00 8.27300E-01
2.18134E+00 8.25829E-01
2.18227E+00 8.24761E-01
2.18318E+00 8.24095E-01
2.18410E+00 8.23828E-01
2.18501E+00 8.23956E-01
2.18593E+00 8.24472E-01
2.18685E+00 8.25370E-01
2.18777E+00 8.26641E-01
2.18868E+00 8.28276E-01
2.18960E+00 8.30263E-01
2.19051E+00 8.32591E-01
2.19144E+00 8.35245E-01
2.19235E+00 8.38213E-01
2.19327E+00 8.41477E-01
2.19418E+00 8.45021E-01
2.19510E+00 8.48829E-01
2.19601E+00 8.52881E-01
2.19694E+00 8.57160E-01
2.19785E+00 8.61645E-01
2.19877E+00 8.66318E-01
2.19968E+00 8.71158E-01
2.20060E+00 8.76145E-01
2.20152E+00 8.81259E-01
2.20244E+00 8.86479E-01
2.20335E+00 8.91786E-01
2.20427E+00 8.97159E-01
2.20518E+00 9.02580E-01
2.20611E+00 9.08030E-01
2.20702E+00 9.13491E-01
2.20794E+00 9.18944E-01
2.20885E+00 9.24375E-01
2.20977E+00 9.29766E-01
2.21069E+00 9.35104E-01
2.21161E+00 9.40375E-01
2.21252E+00 9.45565E-01
2.21344E+00 9.50663E-01
2.21435E+00 9.55660E-01
2.21528E+00 9.60545E-01
2.21619E+00 9.65311E-01
2.21711E+00 9.69950E-01
2.21802E+00 9.74457E-01
2.21894E+00 9.78827E-01
2.21986E+00 9.83057E-01
2.22078E+00 9.87143E-01
2.22169E+00 9.91084E-01
2.22261E+00 9.94879E-01
2.22352E+00 9.98528E-01
2.22444E+00 1.00203E+00
2.22536E+00 1.00539E+00
2.22627E+00 1.00861E+00
2.22719E+00 1.01169E+00
2.22810E+00 1.01464E+00
2.22903E+00 1.01745E+00
2.22994E+00 1.02013E+00
2.23086E+00 1.02269E+00
2.23177E+00 1.02512E+00
2.23269E+00 1.02744E+00
2.23360E+00 1.02965E+00
2.23453E+00 1.03174E+00
2.23544E+00 1.03373E+00
2.23636E+00 1.03562E+00
2.23727E+00 1.03740E+00
2.23819E+00 1.03909E+00
2.23911E+00 1.04068E+00
2.24003E+00 1.04219E+00
2.24094E+00 1.04360E+00
2.24186E+00 1.04492E+00
2.24277E+00 1.04615E+00
2.24370E+00 1.04729E+00
2.24461E+00 1.04834E+00
2.24553E+00 1.04931E+00
2.24644E+00 1.05019E+00
2.24736E+00 1.05098E+00
2.24828E+00 1.05168E+00
2.24920E+00 1.05228E+00
2.25011E+00 1.05280E+00
2.25103E+00 1.05322E+00
2.25194E+00 1.05354E+00
2.25287E+00 1.05377E+00
2.25378E+00 1.05389E+00
2.25470E+00 1.05392E+00
2.25561E+00 1.05385E+00
2.25653E+00 1.05367E+00
2.25745E+00 1.05339E+00
2.25837E+00 1.05300E+00
2.25928E+00 1.05251E+00
2.26020E+00 1.05192E+00
2.26111E+00 1.05122E+00
2.26204E+00 1.05041E+00
2.26295E+00 1.04950E+00
2.26387E+00 1.04849E+00
2.26478E+00 1.04738E+00
2.26570E+00 1.04616E+00
2.26662E+00 1.04485E+00
2.26754E+00 1.04345E+00
2.26845E+00 1.04195E+00
2.26937E+00 1.04036E+00
2.27028E+00 1.03869E+00
2.27120E+00 1.03693E+00
2.27212E+00 1.03509E+00
2.27304E+00 1.03317E+00
2.27395E+00 1.03118E+00
2.27487E+00 1.02912E+00
2.27578E+00 1.02699E+00
2.27671E+00 1.02480E+00
2.27762E+00 1.02256E+00
2.27854E+00 1.02025E+00
2.27945E+00 1.01790E+00
2.28037E+00 1.01549E+00
2.28129E+00 1.01304E+00
2.28221E+00 1.01054E+00
2.28312E+00 1.00800E+00
2.28404E+00 1.00542E+00
2.28495E+00 1.00280E+00
2.28588E+00 1.00015E+00
2.28679E+00 9.97457E-01
2.28771E+00 9.94733E-01
2.28862E+00 9.91976E-01
2.28954E+00 9.89187E-01
2.29046E+00 9.86364E-01
2.29138E+00 9.83510E-01
2.29229E+00 9.80623E-01
2.29321E+00 9.77703E-01
2.29412E+00 9.74749E-01
2.29505E+00 9.71763E-01
2.29596E+00 9.68741E-01
2.29688E+00 9.65685E-01
2.29779E+00 9.62594E-01
2.29871E+00 9.59466E-01
2.29963E+00 9.56302E-01
2.30055E+00 9.53101E-01
2.30146E+00 9.49862E-01
2.30238E+00 9.46586E-01
2.30329E+00 9.43272E-01
2.30422E+00 9.39921E-01
2.30513E+00 9.36533E-01
2.30605E+00 9.33108E-01
2.30696E+00 9.29648E-01
2.30788E+00 9.26153E-01
2.30880E+00 9.22624E-01
2.30972E+00 9.19064E-01
2.31063E+00 9.15473E-01
2.31155E+00 9.11854E-01
2.31246E+00 9.08210E-01
2.31338E+00 9.04541E-01
2.31430E+00 9.00851E-01
2.31522E+00 8.97143E-01
2.31613E+00 8.93419E-01
2.31705E+00 8.89682E-01
2.31796E+00 8.85935E-01
2.31889E+00 8.82182E-01
2.31980E+00 8.78424E-01
2.32072E+00 8.74665E-01
2.32163E+00 8.70909E-01
2.32255E+00 8.67158E-01
2.32347E+00 8.63414E-01
2.32439E+00 8.59682E-01
2.32530E+00 8.55962E-01
2.32622E+00 8.52258E-01
2.32713E+00 8.48572E-01
2.32806E+00 8.44905E-01
2.32897E+00 8.41261E-01
2.32989E+00 8.37640E-01
2.33080E+00 8.34044E-01
2.33172E+00 8.30474E-01
2.33264E+00 8.26931E-01
2.33356E+00 8.23416E-01
2.33447E+00 8.19930E-01
2.33539E+00 8.16473E-01
2.33630E+00 8.13046E-01
2.33723E+00 8.09649E-01
2.33814E+00 8.06281E-01
2.33906E+00 8.02943E-01
2.33997E+00 7.99635E-01
2.34089E+00 7.96356E-01
2.34181E+00 7.93106E-01
2.34273E+00 7.89885E-01
2.34364E+00 7.86692E-01
2.34456E+00 7.83528E-01
2.34547E+00 7.80391E-01
2.34640E+00 7.77283E-01
2.34731E+00 7.74202E-01
2.34823E+00 7.71149E-01
2.34914E+00 7.68124E-01
2.35006E+00 7.65127E-01
2.35097E+00 7.62159E-01
2.35190E+00 7.59220E-01
2.35281E+00 7.56310E-01
2.35373E+00 7.53431E-01
2.35464E+00 7.50583E-01
2.35556E+00 7.47767E-01
2.35648E+00 7.44985E-01
2.35739E+00 7.42237E-01
2.35831E+00 7.39524E-01
2.35922E+00 7.36849E-01
2.36014E+00 7.34212E-01
2.36106E+00 7.31615E-01
2.36198E+00 7.29060E-01
2.36289E+00 7.26546E-01
2.36381E+00 7.24077E-01
2.36472E+00 7.21653E-01
2.36565E+00 7.19275E-01
2.36656E+00 7.16944E-01
2.36748E+00 7.14662E-01
2.36839E+00 7.12429E-01
2.36931E+00 7.10246E-01
2.37023E+00 7.08113E-01
2.37115E+00 7.06031E-01
2.37206E+00 7.04000E-01
2.37298E+00 7.02019E-01
2.37389E+00 7.00089E-01
2.37482E+00 6.98208E-01
2.37573E+00 6.96377E-01
2.37665E+00 6.94594E-01
2.37756E+00 6.92858E-01
2.37848E+00 6.91169E-01
2.37940E+00 6.89525E-01
2.38032E+00 6.87923E-01
2.38123E+00 6.86364E-01
2.38215E+00 6.84844E-01
2.38306E+00 6.83363E-01
2.38399E+00 6.81918E-01
2.38490E+00 6.80508E-01
2.38582E+00 6.79131E-01
2.38673E+00 6.77784E-01
2.38765E+00 6.76466E-01
2.38856E+00 6.75175E-01
2.38949E+00 6.73910E-01
2.39040E+00 6.72669E-01
2.39132E+00 6.71451E-01
2.39223E+00 6.70253E-01
2.39315E+00 6.69076E-01
2.39407E+00 6.67918E-01
2.39499E+00 6.66778E-01
2.39590E+00 6.65656E-01
2.39682E+00 6.64551E-01
2.39773E+00 6.63463E-01
2.39866E+00 6.62391E-01
2.39957E+00 6.61337E-01
2.40049E+00 6.60299E-01
2.40140E+00 6.59279E-01
2.40232E+00 6.58277E-01
2.40324E+00 6.57294E-01
2.40416E+00 6.56330E-01
2.40507E+00 6.55386E-01
2.40599E+00 6.54463E-01
2.40690E+00 6.53562E-01
2.40783E+00 6.52684E-01
2.40874E+00 6.51830E-01
2.40966E+00 6.51001E-01
2.41057E+00 6.50197E-01
2.41149E+00 6.49420E-01
2.41241E+00 6.48670E-01
2.41333E+00 6.47948E-01
2.41424E+00 6.47254E-01
2.41516E+00 6.46589E-01
2.41607E+00 6.45953E-01
2.41700E+00 6.45345E-01
2.41791E+00 6.44766E-01
2.41883E+00 6.44215E-01
2.41974E+00 6.43693E-01
2.42066E+00 6.43197E-01
2.42158E+00 6.42728E-01
2.42250E+00 6.42285E-01
2.42341E+00 6.41866E-01
2.42433E+00 6.41469E-01
2.42524E+00 6.41095E-01
2.42616E+00 6.40741E-01
2.42708E+00 6.40406E-01
2.42800E+00 6.40087E-01
2.42891E+00 6.39784E-01
2.42983E+00 6.39495E-01
2.43074E+00 6.39217E-01
2.43167E+00 6.38950E-01
2.43258E+00 6.38692E-01
2.43350E+00 6.38440E-01
2.43441E+00 6.38194E-01
2.43533E+00 6.37952E-01
2.43625E+00 6.37712E-01
2.43717E+00 6.37474E-01
2.43808E+00 6.37237E-01
2.43900E+00 6.36999E-01
2.43991E+00 6.36760E-01
2.44084E+00 6.36519E-01
2.44175E+00 6.36277E-01
2.44267E+00 6.36031E-01
2.44358E+00 6.35784E-01
2.44450E+00 6.35534E-01
2.44542E+00 6.35281E-01
2.44634E+00 6.35027E-01
2.44725E+00 6.34771E-01
2.44817E+00 6.34515E-01
2.44908E+00 6.34258E-01
2.45001E+00 6.34002E-01
2.45092E+00 6.33747E-01
2.45184E+00 6.33495E-01
2.45275E+00 6.33245E-01
2.45367E+00 6.32999E-01
2.45459E+00 6.32758E-01
2.45551E+00 6.32522E-01
2.45642E+00 6.32292E-01
2.45734E+00 6.32068E-01
2.45825E+00 6.31852E-01
2.45918E+00 6.31643E-01
2.46009E+00 6.31442E-01
2.46101E+00 6.31249E-01
2.46192E+00 6.31063E-01
2.46284E+00 6.30886E-01
2.46375E+00 6.30715E-01
2.46468E+00 6.30551E-01
2.46559E+00 6.30394E-01
2.46651E+00 6.30241E-01
2.46742E+00 6.30094E-01
2.46834E+00 6.29950E-01
2.46926E+00 6.29808E-01
2.47018E+00 6.29667E-01
2.47109E+00 6.29527E-01
2.47201E+00 6.29385E-01
2.47292E+00 6.29240E-01
2.47385E+00 6.29090E-01
2.47476E+00 6.28935E-01
2.47568E+00 6.28773E-01
2.47659E+00 6.28603E-01
2.47751E+00 6.28423E-01
2.47843E+00 6.28232E-01
2.47935E+00 6.28030E-01
2.48026E+00 6.27814E-01
2.48118E+00 6.27585E-01
2.48209E+00 6.27341E-01
2.48301E+00 6.27082E-01
2.48393E+00 6.26808E-01
2.48485E+00 6.26519E-01
2.48576E+00 6.26214E-01
2.48668E+00 6.25894E-01
2.48760E+00 6.25559E-01
2.48851E+00 6.25209E-01
2.48943E+00 6.24846E-01
2.49034E+00 6.24469E-01
2.49126E+00 6.24081E-01
2.49218E+00 6.23681E-01
2.49310E+00 6.23271E-01
2.49401E+00 6.22853E-01
2.49493E+00 6.22428E-01
2.49584E+00 6.21996E-01
2.49677E+00 6.21560E-01
2.49768E+00 6.21121E-01
2.49860E+00 6.20680E-01
2.49951E+00 6.20238E-01
2.50043E+00 6.19797E-01
2.50134E+00 6.19358E-01
2.50227E+00 6.18922E-01
2.50318E+00 6.18490E-01
2.50410E+00 6.18063E-01
2.50501E+00 6.17641E-01
2.50593E+00 6.17225E-01
2.50685E+00 6.16816E-01
2.50777E+00 6.16414E-01
2.50868E+00 6.16018E-01
2.50960E+00 6.15628E-01
2.51051E+00 6.15245E-01
2.51144E+00 6.14868E-01
2.51235E+00 6.14496E-01
2.51327E+00 6.14129E-01
2.51418E+00 6.13765E-01
2.51510E+00 6.13405E-01
2.51602E+00 6.13046E-01
2.51694E+00 6.12688E-01
2.51785E+00 6.12329E-01
2.51877E+00 6.11969E-01
2.51968E+00 6.11606E-01
2.52061E+00 6.11240E-01
2.52152E+00 6.10868E-01
2.52244E+00 6.10489E-01
2.52335E+00 6.10104E-01
2.52427E+00 6.09711E-01
2.52519E+00 6.09308E-01
2.52611E+00 6.08896E-01
2.52702E+00 6.08474E-01
2.52794E+00 6.08042E-01
2.52885E+00 6.07598E-01
2.52978E+00 6.07144E-01
2.53069E+00 6.06678E-01
2.53161E+00 6.06203E-01
2.53252E+00 6.05717E-01
2.53344E+00 6.05221E-01
2.53436E+00 6.04716E-01
2.53528E+00 6.04204E-01
2.53619E+00 6.03684E-01
2.53711E+00 6.03158E-01
2.53802E+00 6.02628E-01
2.53894E+00 6.02094E-01
2.53986E+00 6.01557E-01
2.54078E+00 6.01020E-01
2.54169E+00 6.00483E-01
2.54261E+00 5.99948E-01
2.54352E+00 5.99415E-01
2.54445E+00 5.98888E-01
2.54536E+00 5.98365E-01
2.54628E+00 5.97850E-01
2.54719E+00 5.97342E-01
2.54811E+00 5.96843E-01
2.54903E+00 5.96353E-01
2.54995E+00 5.95873E-01
2.55086E+00 5.95404E-01
2.55178E+00 5.94945E-01
2.55269E+00 5.94497E-01
2.55362E+00 5.94060E-01
2.55453E+00 5.93634E-01
2.55545E+00 5.93218E-01
2.55636E+00 5.92812E-01
2.55728E+00 5.92415E-01
2.55820E+00 5.92027E-01
2.55912E+00 5.91646E-01
2.56003E+00 5.91272E-01
2.56095E+00 5.90903E-01
2.56186E+00 5.90539E-01
2.56279E+00 5.90178E-01
2.56370E+00 5.89819E-01
2.56462E+00 5.89461E-01
2.56553E+00 5.89103E-01
2.56645E+00 5.88743E-01
2.56737E+00 5.88381E-01
2.56829E+00 5.88016E-01
2.56920E+00 5.87646E-01
2.57012E+00 5.87271E-01
2.57103E+00 5.86891E-01
2.57196E+00 5.86504E-01
2.57287E+00 5.86111E-01
2.57379E+00 5.85712E-01
2.57470E+00 5.85306E-01
2.57562E+00 5.84893E-01
2.57653E+00 5.84474E-01
2.57746E+00 5.84050E-01
2.57837E+00 5.83620E-01
2.57929E+00 5.83187E-01
2.58020E+00 5.82750E-01
2.58112E+00 5.82310E-01
2.58204E+00 5.81870E-01
2.58296E+00 5.81429E-01
2.58387E+00 5.80990E-01
2.58479E+00 5.80553E-01
2.58570E+00 5.80119E-01
2.58663E+00 5.79691E-01
2.58754E+00 5.79269E-01
2.58846E+00 5.78855E-01
2.58937E+00 5.78449E-01
2.59029E+00 5.78053E-01
2.59121E+00 5.77668E-01
2.59213E+00 5.77294E-01
2.59304E+00 5.76932E-01
2.59396E+00 5.76582E-01
2.59487E+00 5.76245E-01
2.59580E+00 5.75921E-01
2.59671E+00 5.75610E-01
2.59763E+00 5.75312E-01
2.59854E+00 5.75026E-01
2.59946E+00 5.74751E-01
2.60038E+00 5.74487E-01
2.60130E+00 5.74233E-01
2.60221E+00 5.73987E-01
2.60313E+00 5.73748E-01
2.60404E+00 5.73516E-01
2.60497E+00 5.73288E-01
2.60588E+00 5.73063E-01
2.60680E+00 5.72839E-01
2.60771E+00 5.72614E-01
2.60863E+00 5.72387E-01
2.60955E+00 5.72156E-01
2.61047E+00 5.71919E-01
2.61138E+00 5.71675E-01
2.61230E+00 5.71423E-01
2.61321E+00 5.71159E-01
2.61413E+00 5.70884E-01
2.61505E+00 5.70597E-01
2.61597E+00 5.70295E-01
2.61688E+00 5.69978E-01
2.61780E+00 5.69645E-01
2.61871E+00 5.69297E-01
2.61963E+00 5.68932E-01
2.62055E+00 5.68550E-01
2.62146E+00 5.68151E-01
2.62238E+00 5.67735E-01
2.62329E+00 5.67303E-01
2.62422E+00 5.66856E-01
2.62513E+00 5.66393E-01
2.62605E+00 5.65916E-01
2.62696E+00 5.65425E-01
2.62788E+00 5.64922E-01
2.62880E+00 5.64407E-01
2.62972E+00 5.63882E-01
2.63063E+00 5.63348E-01
2.63155E+00 5.62805E-01
2.63246E+00 5.62255E-01
2.63339E+00 5.61699E-01
2.63430E+00 5.61138E-01
2.63522E+00 5.60572E-01
2.63613E+00 5.60003E-01
2.63705E+00 5.59431E-01
2.63797E+00 5.58856E-01
2.63889E+00 5.58279E-01
2.63980E+00 5.57700E-01
2.64072E+00 5.57118E-01
2.64163E+00 5.56534E-01
2.64256E+00 5.55947E-01
2.64347E+00 5.55357E-01
2.64439E+00 5.54761E-01
2.64530E+00 5.54161E-01
2.64622E+00 5.53554E-01
2.64714E+00 5.52939E-01
2.64806E+00 5.52314E-01
2.64897E+00 5.51679E-01
2.64989E+00 5.51031E-01
2.65080E+00 5.50368E-01
2.65173E+00 5.49689E-01
2.65264E+00 5.48993E-01
2.65356E+00 5.48276E-01
2.65447E+00 5.47538E-01
2.65539E+00 5.46776E-01
2.65630E+00 5.45990E-01
2.65723E+00 5.45177E-01
2.65814E+00 5.44336E-01
2.65906E+00 5.43466E-01
2.65997E+00 5.42565E-01
2.66089E+00 5.41633E-01
2.66181E+00 5.40669E-01
2.66273E+00 5.39672E-01
2.66364E+00 5.38642E-01
2.66456E+00 5.37578E-01
2.66547E+00 5.36482E-01
2.66640E+00 5.35352E-01
2.66731E+00 5.34190E-01
2.66823E+00 5.32996E-01
2.66914E+00 5.31770E-01
2.67006E+00 5.30514E-01
2.67098E+00 5.29229E-01
2.67190E+00 5.27915E-01
2.67281E+00 5.26574E-01
2.67373E+00 5.25207E-01
2.67464E+00 5.23814E-01
2.67557E+00 5.22399E-01
2.67648E+00 5.20961E-01
2.67740E+00 5.19501E-01
2.67831E+00 5.18021E-01
2.67923E+00 5.16521E-01
2.68015E+00 5.15003E-01
2.68107E+00 5.13466E-01
2.68198E+00 5.11911E-01
2.68290E+00 5.10339E-01
2.68381E+00 5.08749E-01
2.68474E+00 5.07141E-01
2.68565E+00 5.05514E-01
2.68657E+00 5.03868E-01
2.68748E+00 5.02203E-01
2.68840E+00 5.00516E-01
2.68932E+00 4.98806E-01
2.69024E+00 4.97073E-01
2.69115E+00 4.95315E-01
2.69207E+00 4.93529E-01
2.69298E+00 4.91714E-01
2.69390E+00 4.89869E-01
2.69482E+00 4.87991E-01
2.69574E+00 4.86078E-01
2.69665E+00 4.84130E-01
2.69757E+00 4.82144E-01
2.69848E+00 4.80118E-01
2.69941E+00 4.78053E-01
2.70032E+00 4.75946E-01
2.70124E+00 4.73797E-01
2.70215E+00 4.71606E-01
2.70307E+00 4.69373E-01
2.70399E+00 4.67098E-01
2.70491E+00 4.64782E-01
2.70582E+00 4.62428E-01
2.70674E+00 4.60037E-01
2.70765E+00 4.57611E-01
2.70858E+00 4.55154E-01
2.70949E+00 4.52669E-01
2.71041E+00 4.50162E-01
2.71132E+00 4.47636E-01
2.71224E+00 4.45097E-01
2.71316E+00 4.42552E-01
2.71408E+00 4.40008E-01
2.71499E+00 4.37471E-01
2.71591E+00 4.34949E-01
2.71682E+00 4.32451E-01
2.71775E+00 4.29985E-01
2.71866E+00 4.27561E-01
2.71958E+00 4.25189E-01
2.72049E+00 4.22878E-01
2.72141E+00 4.20638E-01
2.72233E+00 4.18481E-01
2.72325E+00 4.16416E-01
2.72416E+00 4.14455E-01
2.72508E+00 4.12609E-01
2.72599E+00 4.10889E-01
2.72692E+00 4.09305E-01
2.72783E+00 4.07870E-01
2.72875E+00 4.06592E-01
2.72966E+00 4.05484E-01
2.73058E+00 4.04556E-01
2.73149E+00 4.03819E-01
2.73242E+00 4.03281E-01
2.73333E+00 4.02953E-01
2.73425E+00 4.02845E-01
2.73516E+00 4.02965E-01
2.73608E+00 4.03323E-01
2.73700E+00 4.03926E-01
2.73792E+00 4.04782E-01
2.73883E+00 4.05900E-01
2.73975E+00 4.07286E-01
2.74066E+00 4.08947E-01
2.74159E+00 4.10889E-01
2.74250E+00 4.13119E-01
2.74342E+00 4.15642E-01
2.74433E+00 4.18463E-01
2.74525E+00 4.21587E-01
2.74617E+00 4.25019E-01
